x y z
0.14634408442105262 0.6202664557850586 -0.6736578359054951
0.1462401545263158 0.6202053690925142 -0.6736107553440341
0.1462013105263158 0.6201494185433759 -0.6735530404498137
0.14621033810526315 0.6201375257500154 -0.6735197024374416
0.14616941642105263 0.6201092506842747 -0.6734989055201251
0.1457844907368421 0.619730809927342 -0.6730983592028892
0.1455311370526316 0.619493912404155 -0.6727982337754368
0.14496926968421053 0.61939651712322 -0.6718946217936839
0.14527307578947368 0.6201560646019204 -0.6566511851221178
0.14370538463157895 0.6185650346507896 -0.5664270995541235
0.14008749705263157 0.6163544134439154 -0.488397364940188
0.1355573562105263 0.610949776164274 -0.39075394436620314
0.13107019094736844 0.6034994959757415 -0.32305805269986143
0.127948388 0.5968204529020786 -0.2739570098520338
0.12316320336842106 0.5915752490774587 -0.2329530474421114
0.12525901831578948 0.587516972239307 -0.20238811515694088
0.12856658042105265 0.5870047462793787 -0.17383403881756013
0.16822023242105263 0.6009577699231102 -0.14023869389005286
0.21432228294736844 0.6198241809865683 -0.10985337073603878
0.2687482522105263 0.6435638852663679 -0.08470800382536821
0.3332742682105263 0.6719526663168943 -0.0666865463570859
0.39316471410526316 0.6983222694555554 -0.058250477633861944
0.4750789006315789 0.7361584721412403 -0.05346479076840657
0.5514797143157896 0.7672525648040704 -0.05543485361262092
0.618330419368421 0.7914290467471536 -0.05896494155439348
0.6702554096842105 0.8125890633878307 -0.0638540922147603
0.7078734416842106 0.8296922699464252 -0.06807197122839803
0.7460683861052632 0.8481649269834015 -0.07234046254576762
0.7785550271578948 0.8660139550200178 -0.07472066351696259
0.8111768667368421 0.8840095857967237 -0.07711554945701306
0.8353306444210526 0.8948885483417582 -0.07905726590483649
0.8616652151578946 0.9069770418456539 -0.08142329534267784
0.8888202341052631 0.91930398442091 -0.08390074027195993
0.9022054298947367 0.8975701131845532 -0.09016612799934712
0.8967793381052632 0.8594899614674876 -0.11760003839429203
0.8299609408421053 0.8062960999850373 -0.13464423357681388
0.7721296071578948 0.7693275795112332 -0.13105202015844802
0.7182780968421053 0.7382056331302416 -0.11569016886412996
0.6840197048421053 0.7241586452331581 -0.08677149278577097
0.6552661296842105 0.7093924832420279 -0.06426475538678454
0.6179178861052632 0.6965620230717398 -0.03763858000629748
0.5915403505263158 0.681093145792669 -0.02686719730214175
0.5666603871578948 0.6731183071441322 -0.016489086000367928
0.5413651627368421 0.6664876828791977 -0.054103181468426076
0.5324813010526316 0.6669609457896791 -0.11193686990760411
0.5327178008421052 0.6626520360629072 -0.1415145994526405
0.5315697054736842 0.6586468168706061 -0.16121857663381048
0.5313798338947369 0.6548614982779829 -0.17636567085966443
0.5285373395789473 0.6505326613355743 -0.19348416369708898
0.5228743404210526 0.6456115104407626 -0.23295977340324125
0.5217464818947368 0.6432833107168937 -0.2880189354048567
0.5241461275789474 0.6433393345689805 -0.3518939711287959
0.5282007065263158 0.6456112962556012 -0.39296286894968074
0.5331340176842105 0.6485177377039519 -0.4276765043010757
0.5373645178947368 0.6510061321919957 -0.4550647908400486
0.5419310783157895 0.6520195734552212 -0.47923018427185327
0.5478510147368422 0.6522660518162691 -0.5008041707750456
0.5526891644210526 0.6534837320929048 -0.5243634058334671
0.5571093898947368 0.6555072417704827 -0.5453888798239291
0.5644445778947368 0.6557766210881087 -0.5638591024802639
0.5706050553684211 0.6567025240469995 -0.5837351210179912
0.5755431227368422 0.6587223041565987 -0.6031628162044561
0.581989679368421 0.6590593771730802 -0.6219476235527495
0.5896608507368422 0.6582626043044302 -0.6391042433849918
0.5952633808421052 0.6591781664085057 -0.6567155677728804
0.5986611450526316 0.6613613530357088 -0.6680329392557464
0.6014483690526315 0.6645483455864193 -0.6748415564236842
0.6034188553684211 0.6662637465204991 -0.6818525895526424
0.5892227818947369 0.6497798198927169 -0.6899134473777224
-0.022807849263157896 0.2601570993165219 -0.6676289257303109
-0.06785392442105263 0.2324043128566294 -0.6502067682877539
-0.10829869073684212 0.207615146996002 -0.6350786254205074
-0.16551292042105262 0.173370181184466 -0.6196732286844334
-0.19655437957894736 0.1553689842122041 -0.6166150728671884
-0.23052408842105265 0.1373350154329389 -0.6184341649934982
-0.2566469136842105 0.12440292221414999 -0.6225403087723126
-0.29084642463157895 0.10714504683009156 -0.629795657792015
-0.32294603936842103 0.09067322370688947 -0.6351179203396277
-0.34046918273684207 0.08120566538102682 -0.6364064317766601
-0.3705579397894737 0.0647858836787531 -0.6361726257146648
-0.39020571284210526 0.05413623320473682 -0.6217338058735403
-0.4112482404210526 0.03800778574621195 -0.5158786253238901
-0.41727895705263157 0.0314559688018521 -0.42763530601900024
-0.4173093362105263 0.027755624502771352 -0.30972362009413745
-0.4156696109473684 0.02609166585807231 -0.20625861845071478
-0.4104204894736842 0.023697185353674797 -0.07775740791468363
-0.4056727475789474 0.019210762186594583 0.03766329418969214
-0.39839052210526316 0.016308476029827414 0.1631376273623511
-0.3960270751578947 0.011866125741198287 0.2684413389105353
-0.39474057410526314 0.01040843409275151 0.32962861851883285
-0.39080192399999997 0.010260944965699882 0.3767186563860917
-0.389707656 0.022610201798616943 0.4131834176415336
-0.38156657978947367 0.027003710929475403 0.4475273080418065
-0.34334205768421056 0.05243765173405069 0.4838509626368302
-0.3205135945263158 0.05917991550125098 0.5076026953160969
-0.29187355557894734 0.07467294584717624 0.5356556444464154
-0.2654204322105263 0.09322049647431538 0.5564652623656438
-0.22230330926315792 0.11734483995240916 0.5736773607818356
-0.18576943263157894 0.14208128869045372 0.5838192487790214
-0.14837909684210526 0.17589436681192702 0.5919751927198745
-0.1190347397894737 0.19879041316976057 0.596774486288092
-0.09168163136842104 0.20943336072739913 0.5965580486940225
-0.07163336463157895 0.2164125158054924 0.5744394082338904
-0.05859510315789474 0.22803879395709498 0.5399235614133494
-0.04866411789473685 0.2336408404484144 0.5160051859131081
-0.042451039368421054 0.23814762251426694 0.5017960529881935
-0.04016620968421053 0.24104475383814603 0.4904300640196117
-0.036265664842105264 0.2423772538631392 0.4760383419189593
-0.03319206147368421 0.24388426822130593 0.46945582160072497
-0.031101565052631577 0.2452767122865614 0.46351968564691237
-0.032348036421052634 0.24638525743744555 0.45649056493141615
-0.028733818315789472 0.24552635232216652 0.45093213976890467
-0.027454923368421053 0.24507178040957808 0.4449992425999209
-0.027337964 0.2452765217605232 0.43866088742863435
-0.02861429957894737 0.24369740067125595 0.4310638004583463
-0.02214696252631579 0.23775925521435187 0.4201828954082672
-0.01892382547368421 0.23472841725535498 0.4040173792107176
-0.01755107852631579 0.23277492542353084 0.39107952324197776
-0.015381493684210525 0.2310406205189454 0.37954117481844807
-0.0016407357894736843 0.23593278542776167 0.374795944499004
0.03905399957894737 0.2470089766916309 0.3719862194156258
0.08500113768421053 0.2624568114215815 0.3775485714941881
0.14415846357894738 0.2797966382195716 0.38900454502762166
0.19771985894736843 0.29283480666212497 0.4027362084123589
0.24788326863157897 0.30348308289419856 0.4197656690239438
0.2881268581052632 0.3276613073021287 0.43994014674147613
0.32805090673684206 0.33927086917939037 0.4463179827878615
0.36824917515789474 0.3455349166907968 0.4423307356323066
0.3911153892631579 0.35789409122301424 0.44324107718084105
0.43245590021052627 0.3645557380755835 0.4438710777210124
0.4654647374736842 0.37085126443439365 0.4513408064020394
0.48751899389473685 0.3767592878032288 0.46197993189773434
0.5115965532631579 0.37377282268417716 0.46917949471764947
0.5590283157894737 0.3508691099735862 0.4728772913663701
0.5995604783157894 0.33547012022558337 0.47026424426536323
0.6304032709473685 0.32613045775996985 0.4675648656169068
0.6661104541052632 0.3152657006441934 0.4668774556044849
0.6953689469473684 0.3025761833386825 0.46646924816740526
0.7325053128421053 0.28108621436004444 0.46361269936774235
0.7624372410526316 0.2619480319464261 0.4599013362371545
0.7956567972631579 0.23971008282683517 0.4557798268172895
0.8233709473684211 0.22360562245459856 0.45247907573711815
0.8477618018947369 0.21033419915311843 0.4507041599740223
0.8691308778947369 0.19974191356443133 0.44985719294799403
0.8945779092631578 0.1876018100777134 0.4485574458664476
0.9152475604210527 0.17872200234285926 0.44705926377180805
0.9313131290526315 0.1725658085013049 0.4452171867767807
0.9491337330526316 0.16532504425537473 0.44257928370304084
0.9642700854736842 0.1594649781605187 0.4394485433255468
0.9624878471578947 0.15018055432779592 0.43383849730853996
0.9597298997894737 0.14056574245354883 0.4182900733161067
0.9594463621052632 0.13274425506663382 0.4108226036450846
0.945600587368421 0.1101963800433162 0.40241177809757905
0.9339683056842105 0.09277044968334851 0.3935383288190279
0.9251789669473685 0.07169111178763325 0.38827278364658707
0.9176856538947368 0.05574785799885323 0.388358801124651
0.9057971869473684 0.04148247361991025 0.3879892903430222
0.8970095932631579 0.02600237283871249 0.38394408140030944
0.8971565873684211 0.015664837034323923 0.3464011917190704
0.9065405012631579 0.014392746756224144 0.2651393525916541
0.9150130524210527 0.02279700865531613 0.17416116296982836
0.9195378261052632 0.022486163355674788 0.1415386598418533
0.9167239458947369 0.016608209260030957 0.17598191369585306
0.9086084789473684 0.009381771400209571 0.23412641203780388
0.9003889658947368 -0.00019543377537901735 0.3009458681650909
0.8892633915789473 -0.011204909751790225 0.38629799327834596
0.8747734610526315 -0.023056243297879694 0.4801896530225907
0.8531485665263157 -0.03895893967495719 0.5791828377222118
0.8336588528421053 -0.04371399913762461 0.6768464710865173
0.807935903368421 -0.0490617073336941 0.7925264914957965
0.7641226501052631 -0.06130559313792987 0.9816272965152799
0.734911720631579 -0.06822014990682704 1.0844844036876409
0.7066935090526316 -0.07303771380604439 1.1942006099594007
0.698472076631579 -0.07229110563873191 1.217828520561648
0.68774794 -0.07649790691051632 1.2337784753825916
0.6707138673684211 -0.0717811219453852 1.226817914923969
0.6445240202105262 -0.06450307524291851 1.2119817662034462
0.6165439945263158 -0.06699213597594203 1.2061557356382318
0.5906413501052632 -0.07000812549423133 1.161356322114914
0.5797261545263158 -0.06785605813283595 1.093819139255583
0.5829560292631579 -0.06961639181544713 1.007089475339445
0.5974470930526316 -0.07366867124782864 0.910289400332275
0.6133463046315789 -0.07778959087764817 0.7921173033443341
0.6299399829473684 -0.08238866276084753 0.6999761690775784
0.6480571924210526 -0.08607022753843732 0.5843751309387889
0.6775805690526316 -0.08441428320639269 0.43370259645170356
0.6937801069473684 -0.08073444552255761 0.32508066464708585
0.7191574757894736 -0.07285335467751114 0.2342763863331369
0.740467707368421 -0.06890406209506429 0.17530774724620415
0.7623449025263158 -0.06006209459138493 0.11068173897509263
0.7805776997894737 -0.05288266000930508 0.02354375515450572
0.8105452551578948 -0.0455249517472976 -0.0715743493173573
0.8245154126315789 -0.051572806593589884 -0.1244916850011343
0.8431317181052631 -0.06554100012139713 -0.19096827375600192
0.8594405894736843 -0.06684182476689855 -0.2442907554463223
0.8767271785263159 -0.0692316656830658 -0.29305730350702064
0.892328108631579 -0.07652211221254644 -0.3401497951886224
0.905677477263158 -0.07989684575297332 -0.3738813249550733
0.9235596545263158 -0.08215950033244725 -0.41364120365312246
0.9423227692631578 -0.08255785343284167 -0.45240873911543794
0.954715668 -0.08299268879582135 -0.48076404889823
0.9710567743157895 -0.0842177644748817 -0.5152506728678697
0.9891136145263159 -0.08601060528796667 -0.5502691498651574
1.0043291482105263 -0.08693529374221252 -0.5765287137389677
1.0045740945263157 -0.09195685143334889 -0.60200953542709
1.0147833374736843 -0.0889884524069879 -0.625876832101623
1.0276237058947368 -0.08877001915384992 -0.6278340749285828
1.0334941711578949 -0.0812158614652451 -0.6196904444077408
1.0204549294736842 -0.07256538134393112 -0.614582361662937
0.9871211536842106 -0.07121296208528852 -0.614067803657033
0.9275389088421052 -0.07705621487401956 -0.6293236773471494
0.5617299134736843 -0.16363891018174367 -0.6575898338728817
0.5262793235789474 -0.18203490161043104 -0.6731499515570162
0.5196063221052633 -0.18634577453476403 -0.6732616980499007
0.5214777412631579 -0.18458951167145812 -0.6623087547190745
0.5184090494736843 -0.17492265702275528 -0.6535398533914301
0.5082868528421053 -0.14782252433522705 -0.6569926262989427
0.5030506075789474 -0.13859342574798406 -0.6495739042569312
0.49699397410526314 -0.13323994778508613 -0.647341830865986
0.4917500351578947 -0.13134085012298918 -0.6515578169310844
0.4904856347368421 -0.13241146798416337 -0.6515059444567952
0.487433776 -0.13656971489272687 -0.6525792922713541
0.48608199852631584 -0.14436979002142458 -0.6532727028320912
0.48453823136842106 -0.15032965715494584 -0.6571234890391029
0.4885563088421052 -0.15492550660376564 -0.6681618806708549
0.4898531768421052 -0.1624014441644718 -0.6711541500864294
0.48949185178947363 -0.15857250620988342 -0.6674878847818658
0.4895855557894737 -0.1584189151219268 -0.6688402599970998
0.48943962821052633 -0.15874785869200295 -0.6679416315895177
0.48901396673684205 -0.1582114321220539 -0.6589075992146094
0.4885150172631579 -0.1568001156575849 -0.6456376914854316
0.4895351543157895 -0.1568893337292604 -0.6373349164522903
0.49156982568421054 -0.15799832911505726 -0.6332150675400743
0.4933490027368421 -0.15904909153603858 -0.6317358213581629
0.49567093452631583 -0.16069643927129212 -0.6322826399873812
0.4972060294736842 -0.16235613654676795 -0.6521030135600572
0.5070095865263158 -0.17475262020778523 -0.671655327491189
0.5071712928421053 -0.17850817050087558 -0.6726009664278357
0.5062249966315789 -0.17276059283657114 -0.6660425687669225
0.5055491623157895 -0.16795077393861627 -0.654861010532946
0.5044731477894736 -0.1629451200629092 -0.6441317485753454
0.5013787711578948 -0.15780494651871857 -0.6481087618485425
0.513058404 -0.1707899887710587 -0.6648655702551204
0.5211140934736842 -0.18204411522222622 -0.6696773748734302
0.528043599368421 -0.19519567337193555 -0.6669983071239124
