x y z
4.5496435273098275 -1.8420601746292251 1.0018116871121923
4.590140601185885 -1.8866219544933007 0.8008432313993397
4.5834699575601 -1.882186743234018 0.8640214234230388
4.582840099537998 -1.8803083136624745 0.9144459916123238
4.5842789757455735 -1.87057474550845 0.9190382420351504
4.593738801615388 -1.865018049648619 0.8536392789194182
4.599665413423992 -1.8709963126543485 0.7657701582527306
4.609546795452683 -1.8749410961348807 0.6904974782820595
4.616522691412915 -1.8766162745330741 0.6623217509006026
4.621364449514325 -1.8756586955740173 0.6850173546775004
4.618476899601937 -1.8729903153270644 0.750531864497735
4.609589170774408 -1.86531991291428 0.8528435259876859
4.604652669006703 -1.8599499454274215 0.9316811600224131
4.6024574481346505 -1.8531344234725755 0.9808230544247013
4.600930261829257 -1.8481794774386648 0.9514903655072073
4.602099398506673 -1.850655109748549 0.8718422743323218
4.607883292177513 -1.8594608316550203 0.7823040782875615
4.613090973946254 -1.8714911796677045 0.7099101401502511
4.617075899624308 -1.8769617401062542 0.6623272806725223
4.6179706624508 -1.8759605277717386 0.6858601575014232
4.614369065784531 -1.870476690607868 0.7662263695349922
4.60491469320923 -1.8610649707265026 0.8605153373906143
4.596730751177884 -1.8568158585294234 0.9621220714262606
4.595624261352556 -1.8561490827240505 1.0319368293075688
4.598719456765522 -1.8531950002842734 1.0304886670775892
4.599374906722928 -1.853007035477827 0.9557752629202497
4.601132778722047 -1.8554275724636196 0.8594008438303351
4.607867146790105 -1.861714856896276 0.7621129379540436
4.615598646127786 -1.8663283598550966 0.6841060165289684
4.620973033874979 -1.8671082854737195 0.6677141846757171
4.622210962764254 -1.8653053150382488 0.7255274469579392
4.62013196986683 -1.8605822914434718 0.8313189377365411
4.61158793094942 -1.8592711590239055 0.9346938617095331
4.6035760081455495 -1.8598947448542935 1.0114576624887843
4.597276992450792 -1.8596628770839023 1.0421853811135682
4.596927308643445 -1.8589247362388581 0.9960677456233862
4.598164909859139 -1.8614737769873473 0.9152023914608056
4.600197334383326 -1.861322648179893 0.8233013074959428
4.600396501961125 -1.8648799923939616 0.7481030632800962
4.600220457650554 -1.8658602182212842 0.7035714109255735
4.601865621150078 -1.8658664988351172 0.7042685572028337
4.598593819578423 -1.8707571515513128 0.7669148877858698
4.594641614794552 -1.8728988076258144 0.8601859942337249
4.588234226562465 -1.8720398389306359 0.9618460053274676
4.586738990226954 -1.871206308082653 1.0473948551454682
4.592415984244619 -1.8730918351566175 1.0787529307599093
4.589854448586243 -1.8703929978844958 1.0394543587689256
4.5903712562487335 -1.867797940821574 0.9587713647832856
4.5955802498627145 -1.8623529551533138 0.8830489064964107
4.60917594271639 -1.8640706998938121 0.8313773308096689
4.620697813804007 -1.8683537850216463 0.7965189473975914
4.63306825117717 -1.8736953354630392 0.7825187166116684
4.646592096948591 -1.8815167916715105 0.785605567549306
4.657001069158347 -1.8862222621506537 0.7930890384245264
4.673573338831325 -1.8920019608219325 0.7923983366037052
4.689784936832218 -1.8959176046219257 0.7876240632260082
4.694061457622668 -1.8968714993161655 0.7891792810735284
4.692816159250438 -1.8985645360385868 0.7956004423398289
4.695748373786778 -1.9023667763302408 0.8007733811222679
4.703537482176618 -1.911209593491722 0.800815935891847
4.7088609309077265 -1.925302110781686 0.8042922967545648
4.714650177349435 -1.9353355009475488 0.8115717841026457
4.723211134138024 -1.944558528406615 0.8121039881954556
4.7245823780419665 -1.9515972377679238 0.8138850994211833
4.723192559574903 -1.9579419881881917 0.8143603659744836
4.721661764141761 -1.9600516468171794 0.8126184581105548
4.719603277769506 -1.959660615372253 0.8110162031154993
4.720605682548834 -1.9491391080013287 0.809891543227601
4.72499722116803 -1.9174615364214933 0.8084771469195104
4.727920425921084 -1.8635948887248692 0.8100729890566497
4.7311759277472545 -1.7977509802176392 0.8107379834475533
4.735935467403642 -1.720957467833413 0.8095800517414344
4.741765861339582 -1.6439510156787347 0.8107380969393151
4.748737060909661 -1.572172000754063 0.8042821322037295
4.756526897246011 -1.5198991923220109 0.7989146000154238
4.758960350744764 -1.4849158516931749 0.7930147854062854
4.758609125695448 -1.4691440848889277 0.7865912933988453
4.759666187356286 -1.4679972120051459 0.7812379731959642
4.758789383133291 -1.4765777663151685 0.7806186623570827
4.754098342383208 -1.5036189585491269 0.7868136487781086
4.743989089755539 -1.5530984085340918 0.7919503941458643
4.730018294708677 -1.6235888658731343 0.7972385873933676
4.711788723574944 -1.7039718030616884 0.8016382610164883
4.686227368929733 -1.7898529958028147 0.801176892344447
4.6632887393470375 -1.8716319870612061 0.7996347352013717
4.645644001568098 -1.9432386262461634 0.7937509772486622
4.636658616522407 -1.993528708128876 0.7853567333292919
4.632098080059934 -2.011953351392159 0.7873935066304032
4.63592098599361 -2.004190122743539 0.7891817487228024
4.640532180825018 -1.972156239601041 0.7901569618904885
4.6513620786470495 -1.907851938832113 0.7868943284594324
4.666257661592458 -1.8268914868957504 0.7828714716325116
4.682754454223042 -1.737624514034023 0.7824096715519038
4.701960476897067 -1.6495039008254713 0.7789381211479651
4.722236652335699 -1.5764575954173612 0.7704427008048769
4.7387479893901805 -1.5265333585225738 0.7616768876174387
4.74746735528126 -1.5045819707188868 0.7562397363580362
4.746578593409564 -1.5038097642441952 0.7538270231587851
4.74088918765678 -1.5212066077804587 0.7557811721534045
4.72727162025676 -1.5661009746409964 0.7601641158830212
4.705486751831295 -1.6331642721361492 0.76195863913599
4.681188397745488 -1.718770801220236 0.7638913284227591
4.655806416657878 -1.8040070924703695 0.7586952212734492
4.634518489427976 -1.8748995056246731 0.7569806327521075
4.611913496722325 -1.9169459112122598 0.7514644216765751
4.598227233122021 -1.9471007093094141 0.747483027553774
4.603096373174117 -1.9763746267247322 0.7449428944958641
4.641098135949822 -1.9983813732385756 0.7434451333381933
4.6986410864811 -1.9978218726790833 0.7437362498202547
4.766592501258624 -1.974019009242078 0.737722887931524
4.826986320309101 -1.9404275320040039 0.7434915089988241
4.872647583394675 -1.8789637695977683 0.7496766857400214
4.893962336526018 -1.802890651702039 0.7509502877025406
4.886101100513924 -1.707762660880145 0.7450313648983673
4.848538620604034 -1.6127013786448967 0.7471680046644829
4.785923619155123 -1.5440252795656917 0.7502962619739104
4.7047544743720575 -1.5206638552858975 0.7529518607575949
4.615573030161599 -1.5435305775030357 0.7505410304278111
4.539518779567264 -1.610404453556712 0.7518251371436795
4.486752022915391 -1.7031277566926606 0.7517012964414397
4.472371792393961 -1.803984243879397 0.7518388344931455
4.493697807092959 -1.8980473376544462 0.7480006256367621
4.542455800274753 -1.9662878220989128 0.7450866244948411
4.608746608063197 -2.006853909460138 0.7394040516671341
4.677213254418593 -2.013646306160859 0.7294721611710695
4.744080156577871 -1.9812391266961904 0.7198659373211194
4.801351376515163 -1.9190302264529562 0.7141661524479389
4.838220997258816 -1.8395190058347142 0.7200029234703182
4.849533305238206 -1.7415468567103085 0.7306767633245115
4.837211220425312 -1.6493573837882394 0.7410191942278871
4.806763174021411 -1.573646455081471 0.7470492827162472
4.753161067093283 -1.5211763035294492 0.7557901709849595
4.688837819846891 -1.502322725370492 0.7663851077903487
4.627715636982794 -1.5245157286984248 0.7747233199999611
4.580110530410311 -1.5830791566327473 0.7838486817579298
4.552963448089873 -1.66670114374777 0.7945234593460341
4.556070730818497 -1.7551441942109418 0.7992529499215386
4.591619427546982 -1.8187767337797858 0.8003317198912024
4.6525777556775365 -1.8424909063296764 0.8021120918417948
4.72350308808325 -1.8372879772939172 0.8048522318741282
4.794025730183875 -1.8393540495511926 0.8153626510258154
4.852629047800782 -1.8690947084341472 0.8269532680611388
4.886737605364405 -1.9227001365736653 0.8344193331168043
4.884787236983384 -1.9788374721540938 0.8385898391498325
4.853834572793963 -2.0272403061967856 0.8402284485580349
4.80679585374667 -2.0591079313896343 0.8451383726924053
4.74935230146802 -2.0531363566648855 0.8481244181809224
4.688568895512388 -2.0079645925098775 0.846415561956497
4.638295510566955 -1.9342289500973602 0.8404366603442834
4.602275319608391 -1.8461460793680802 0.8305800610886314
4.590606640739959 -1.7619973792859476 0.8175463770414808
4.606668668279999 -1.6972219725093256 0.7965957673204189
4.6406686988324255 -1.6695693284378956 0.7749630827005979
4.6677375267828545 -1.680717207194683 0.7524598483183612
4.667161191103026 -1.706588198722908 0.7351631099294293
4.637780514326172 -1.728748668856213 0.7182384447570914
4.6014204436434785 -1.745077517098358 0.6887444477448614
4.568375793482262 -1.757910279044748 0.65195052787609
4.540135294112593 -1.7676524258266 0.6168345557230885
4.52115674072607 -1.7740986809409234 0.5916263660646557
4.512241927949343 -1.776353940867604 0.5789118969405291
4.503139701049228 -1.7770661295710926 0.5695833702515172
4.499403134809963 -1.7777664147613945 0.5638951029543776
4.497809457840956 -1.7768800812090308 0.5597355648372172
4.498270920365764 -1.7756901281190123 0.5586614182118153
4.498977188874101 -1.7760819470320048 0.5588860542167801
4.499252806598183 -1.7761159015594759 0.5591070333427213
4.499440498255435 -1.7763524783755547 0.5592606773051139
4.499423498878952 -1.7765549827322036 0.5591876874201808
4.499323223772195 -1.7764899013485442 0.559126660570943
4.4993013866686145 -1.7764705079788894 0.5590572140277535
4.499092686169501 -1.7765169902085445 0.5588561222088908
4.499149560125653 -1.7764715995660103 0.5589139915573322
4.499165280961732 -1.776500306514235 0.5588741676670279
4.499170448326965 -1.7765084094652848 0.5588570810348327
4.499156847461379 -1.7764772125287576 0.5588615994275917
4.4993076861443155 -1.776397200741804 0.5589373966350624
4.499179708186923 -1.7764631832277484 0.5588392158163084
4.499168479631018 -1.7765697721556954 0.5588676085531248
4.499210090228996 -1.7765347581979338 0.5588724939332557
4.499123214183704 -1.7764826222993169 0.5587908119595383
4.499128460187093 -1.7765237934215061 0.5588044030077474
4.499186367340964 -1.7764887370221027 0.5588410069988893
4.4991653382314505 -1.7765038474866743 0.5587746004402331
4.49921797254211 -1.7765295943703459 0.5588576645224459
4.499169805637655 -1.7764845073591191 0.5587937722105883
4.499179090314913 -1.7764850530232046 0.5588439187894187
4.499156341905218 -1.7764704807540954 0.5588378147042244
4.499293542042245 -1.7764009892785664 0.5588307710988013
4.499115705757728 -1.7764901022061121 0.5588106487997084
4.499312255538902 -1.7764287552763967 0.5589243921981042
4.499069537371936 -1.7765099012226826 0.5587974690340707
4.499152915486645 -1.7764863049276438 0.5588016671284965
4.499213986988133 -1.776437704807084 0.5587693837021579
4.499148838149444 -1.7764426718721713 0.5588880407276776
4.499247639994188 -1.7766491048445654 0.5588437794311785
4.4992607638718685 -1.7765528113215177 0.5588127829026178
4.499322264870825 -1.7766584766903497 0.5589236276233667
4.499257458356449 -1.7765791390071466 0.5589232115956171
4.499238345562998 -1.7766024789795503 0.5589427517669693
4.499264981542759 -1.7765520491748465 0.5589213725573151
4.499000745930111 -1.7764996290277901 0.5588269769136138
4.499123721756891 -1.7764880216010304 0.5588534313108711
4.499283918166406 -1.776524423617828 0.558911227648192
4.499330239737741 -1.7763912292393027 0.559002915159478
4.499392123785164 -1.7766256164549876 0.5589100176978107
4.499378961395841 -1.7763032932268228 0.5590467110979458
4.499487286522985 -1.7764825189349411 0.5589717466765198
4.499230021145499 -1.7764971637579778 0.558744884323841
4.499052393947587 -1.7765936876938324 0.5587730232018816
4.499096517546152 -1.7766288489900572 0.5588383186894677
4.499277764843653 -1.7765270402750428 0.5588565221443244
4.499315030410072 -1.7765109727591177 0.55894678115307
4.499468423197458 -1.7764816337894374 0.5590347720431078
4.499425624979499 -1.7765366501311384 0.5590261083383163
4.4994365970975645 -1.7764873840496884 0.5590201690457256
4.499433458981849 -1.7765305361746448 0.5589877377416521
4.499415506286152 -1.776548796054508 0.5589888761438534
4.499463850796342 -1.776514844409844 0.5589903340936592
4.499263570396526 -1.7764882730585199 0.5589808245587491
4.499303534633325 -1.776430953766945 0.5589341945846164
4.499421859734047 -1.7764487520638246 0.5589721093018624
4.499339889566532 -1.7764346244728146 0.5589440220587794
4.499446979364898 -1.7764437514267772 0.5589725403915143
4.499444713651857 -1.7764755049867702 0.5589774302991056
4.499375916007655 -1.7765079116463516 0.5589983013168898
4.49942177114307 -1.776490278435609 0.5589461420984717
4.499377562482335 -1.7764826888116487 0.5589577868668449
4.4993796511303055 -1.7764475765795464 0.5589512512471334
4.4994245326139986 -1.776516758685487 0.5589983080648693
4.4993295258947645 -1.7765224791207652 0.558965090164563
4.499448545997283 -1.7764857280608595 0.5589901173204447
4.499435857998937 -1.7765040563314036 0.5589831001216472
4.499416779795776 -1.776498098832242 0.55899834362933
4.499438912645939 -1.7765505266627197 0.5590027553386893
4.499434562752443 -1.7765084445158101 0.5589672027798259
4.499372112485062 -1.7764967422169178 0.5590022599318965
4.499365433955385 -1.7764515468936106 0.5589626159562852
4.499301931991655 -1.7764334916597275 0.5588936161178186
4.49929387219585 -1.776483070899489 0.558929193407676
4.499314301015669 -1.776474235345907 0.558959479261839
4.499300534507829 -1.7765175558716269 0.5589770259289606
4.4994408479159 -1.7764575004261884 0.5590490017876427
4.49941198976274 -1.7764613293567277 0.5590572669522894
4.499268309799595 -1.7762821682071497 0.5589013525122102
4.499235541951362 -1.7761372290270134 0.5588826702170987
4.499344712188637 -1.7762431600014086 0.5589218252540684
4.499265085901497 -1.7762767365135563 0.5589380214169559
4.499150377348065 -1.7761041440258412 0.5589261805067613
4.499278396524829 -1.776070533669974 0.5590512895073928
4.499769448691749 -1.776222153146725 0.5592652094392553
4.502080622525886 -1.77645605047212 0.5592505022463764
4.5079356552728305 -1.7727072798143422 0.5586436266519825
4.523939298310887 -1.7618918247568744 0.5570597844604249
4.547515975794246 -1.7485591907440854 0.5574812524311688
4.574084703078292 -1.7328683080985374 0.5711161519040568
4.590829877293472 -1.7190279770445076 0.6001797286027717
4.594082970509598 -1.7085640783362182 0.6262551518039089
4.592301066106099 -1.7007102275016297 0.6449905219015191
4.58627104776767 -1.69530473730442 0.670428047536192
4.5765642996048275 -1.6915397101910696 0.7018878185588917
4.562051590991868 -1.6897358646473344 0.7320267688442964
4.542600149906542 -1.6902304681945586 0.7579377963467547
4.515764218561804 -1.690530695668191 0.778947667877457
4.484927615281295 -1.6853717694688997 0.7974682000802934
4.446547409219498 -1.670254718510796 0.812834086450119
4.4122851510817975 -1.650199548741512 0.8253608731222445
4.3850233525826185 -1.6275218305763466 0.8334143825724092
4.363046917178951 -1.5989549324498935 0.8421169115490222
4.343121887107822 -1.5648520821077243 0.8481300552874472
4.319092397750825 -1.524356822502736 0.8453322279531768
4.297509157425853 -1.4833066491404765 0.8518499762697151
4.276496201316287 -1.451126923785254 0.8741160625360691
4.2763621303441415 -1.4093793565721962 0.9205850127141957
4.262914258539086 -1.376728273616869 0.9465401595017067
4.248370716669843 -1.337674832492434 0.9642077353913063
4.222336972833156 -1.2982136480877426 0.9663776357635148
4.195777460284757 -1.2541095717134172 0.9627413212456609
4.167516310033153 -1.1953025306698728 0.9544311786289091
4.143944828184141 -1.1240018454126182 0.9612518882305878
4.109189612303519 -1.0436082938677433 0.9745577164481334
4.079673013142712 -0.9686656321515098 0.9850617533812969
4.04835194452879 -0.8867708663333131 0.9737276106653837
4.026475965052093 -0.8100862188287081 0.9596463755965858
4.000194155172151 -0.7298604373212723 0.9468855971208792
3.979782126031476 -0.6520250037578026 0.9465672355289865
3.9591103666977285 -0.5771025295797014 0.9231323177503532
3.9369374714053005 -0.4964048885025447 0.8764684078197579
3.9063853663002797 -0.41925098208238154 0.8461536567290878
3.887188632201751 -0.3497295089896717 0.8345026999244483
3.861440150601662 -0.2843523805389676 0.838506697606123
3.838150493318637 -0.22245428226090636 0.8588870971974497
3.822432090664284 -0.16143454936461188 0.8941497478453353
3.806938045919981 -0.10048538738558155 0.9231043873604307
3.7953216593900425 -0.03699731013812757 0.9362554403649554
3.7754496824106667 0.014404619942517627 0.93216869750818
3.7507903335625308 0.07068039364585865 0.9407984476353666
3.713968318885895 0.1342326639187248 0.9697505871659238
3.68566454687553 0.19759185779082244 1.0082342101844062
3.652923328597446 0.27586730913679514 1.0460902191660275
3.617452687362032 0.3493760792816243 1.0710887624862786
3.5925576349564468 0.4354221406615211 1.0916268282006778
3.561131276757803 0.5200507069071802 1.1008102234407564
3.537146676152026 0.6002246127090651 1.1055566563971875
3.5093444485293377 0.679008318785614 1.107701676647818
3.4836101917603814 0.750593399568158 1.114419014162097
3.4549828286388333 0.8197816636778721 1.1338133920881868
3.416641654917763 0.8772078593577377 1.1593586145893187
3.3761288183596503 0.927032333251609 1.1726142998296085
3.3310439543380026 0.9734528197571164 1.171724191288492
3.287047446732098 1.0135274234284952 1.1477543604145786
3.2336741458268383 1.0590188338440947 1.1370570534801703
3.1727565143965606 1.094368561975073 1.1372531708290146
3.1048407803121743 1.1277569115433383 1.1491221072921551
3.045010614209408 1.1623093982415442 1.159129169233319
2.9899424306768596 1.2156330338682113 1.1541131250876866
2.930127390006552 1.2594108540503868 1.1433405482560408
2.8678193993341408 1.3022611804924158 1.1429371196937157
2.813096461195341 1.345881224575022 1.14765622469463
2.746757059368681 1.382911770097341 1.133000233441734
2.669046503525208 1.4215224553374939 1.1466967095182854
2.5864712550659372 1.4665160070306467 1.167392360192273
2.4938609474632303 1.5192027036705564 1.1988063897451982
2.411383961960305 1.5796338782368329 1.1950269994360774
2.3173627201265212 1.6461501872372835 1.1969976615216367
2.2331391794267 1.7205453326116813 1.2081032840326313
2.146602368426892 1.7784729252510347 1.206999734537665
2.061349806597534 1.842258292858256 1.1953495827418057
1.9752838856288433 1.8994404565127074 1.1901174779509356
1.8862820759982744 1.9606085131213207 1.2053368611977602
1.791105647700435 2.0308777415561496 1.241312114114076
1.6893456722226974 2.091371203503314 1.2671018182082312
1.5874577984963762 2.1563180804000965 1.2793244668162091
1.4732164351114294 2.231841904247782 1.284810528475335
1.358784093254299 2.307005101626354 1.273467287739853
1.2357734457614007 2.3862003477361395 1.245766656515264
1.1255301911220723 2.4694967600876665 1.2200794959412482
1.021988330017039 2.5282268008151862 1.176019674382389
0.932984711749905 2.582581336997212 1.1421117551547066
0.8461766094922201 2.6283239022503095 1.1341265546191357
0.7459372582255202 2.6772294849905998 1.1354470425830752
0.6562409087270211 2.7081488241330693 1.1217830319492317
0.5663780954511797 2.7458926508719137 1.097500187947443
0.4879856148798867 2.78473008068493 1.0776933278483252
0.38338592868229515 2.83597086709779 1.065775189217751
0.30516731036385547 2.875349148288979 1.065155197381467
0.23405862023303303 2.918644203190938 1.0877909854415195
0.1491991911597319 2.954915069345772 1.1026311053663562
0.07206189919650985 2.9950542950636687 1.1142117363915887
-0.008405648804451715 3.026791777963165 1.1156477821400408
-0.06931059755202718 3.0649874177574463 1.101137419841318
-0.15574943684618425 3.1057754871546472 1.0834512442892517
-0.23052712823680732 3.152077007173886 1.0760034737418513
-0.3089011229836851 3.196776075389423 1.078026737686365
-0.3831731593594725 3.249692219726225 1.0664457773648626
-0.45922087237105735 3.3060406724494587 1.0452778927324453
-0.5307314030221022 3.374216981832196 1.015227898638085
-0.6101038073341831 3.451286459721693 0.9763631820672718
-0.6637905918764231 3.521737377124864 0.9479228108167883
-0.7170245253340228 3.593518027828797 0.9400626779706025
-0.7781867244129081 3.6724300690215306 0.9341311870326856
-0.8308017016244165 3.745857075427733 0.9205005141898668
-0.8784681880158773 3.8281926729135756 0.9074507455995924
-0.926725369370546 3.8961594074050168 0.9072768928008441
-0.9701940842960095 3.9708659131188733 0.9138703837910711
-1.0181792887027132 4.044613662839691 0.9183747146901626
-1.0588376859436428 4.128293581637871 0.9114471326999347
-1.0993754377558735 4.201390901839199 0.9188238995186362
-1.137882947936947 4.274657370965052 0.946132751626235
-1.178539765076236 4.336450534289277 0.965280894337083
-1.2106524893088801 4.40204740473952 0.9681467302763123
-1.2423615993148225 4.458973889922639 0.9606230903698875
-1.2766494247369966 4.520146915333983 0.9416608022827992
-1.3323109004690759 4.576342799023365 0.9230124159001455
-1.3748063571927354 4.627510889645945 0.9200947861988693
-1.4292669238077833 4.685919989789676 0.9357252483877835
-1.4790571549203397 4.750297737207353 0.9608572185949563
-1.5208617232069894 4.826100509986766 0.9837007829630295
-1.5602298150761644 4.887831021694694 0.9926443900384814
-1.6040874758488304 4.9547669408895665 1.0133401053277438
-1.6334618898384035 5.0237481195139875 1.035423699859459
-1.674705780679763 5.075861643212853 1.0426096365252908
-1.7101817459024398 5.140541682586484 1.0406095023533057
-1.7458123908025458 5.186309594932762 1.0263466439436513
-1.7790645289443194 5.222259218062776 0.9983318406352232
-1.8121357501985669 5.258600250692181 0.9608613749895913
-1.841165765239797 5.299680036614506 0.9130952622648043
-1.867758837022393 5.331822635649429 0.8660502814341273
-1.8956946295780117 5.35025518907462 0.8364661804599246
-1.9113720782153374 5.37512596463792 0.8176287911957707
-1.9317980538313577 5.388030630126339 0.812818616885619
-1.9427733891785737 5.398901732987177 0.7953365954755423
-1.9577965522343197 5.406925757503464 0.7907314066485334
-1.9716073116896293 5.401475242883192 0.7954723905002125
-1.9974491223055368 5.393964516559636 0.8225343208408706
-2.0407981545992877 5.386432463385386 0.8714223871355964
-2.0961223279949435 5.381553542064378 0.9306812036096379
-2.142223232185616 5.3839361422040195 0.9890392024351715
-2.1656693572730887 5.4028860039994555 1.0558583307196612
-2.1834134276226616 5.430312416481579 1.1152547977101417
-2.1775938968398156 5.466714520423372 1.1581882710012135
-2.1759229682433388 5.495226796315828 1.1833987300298032
-2.168255651255853 5.5260516050093855 1.19761244686978
-2.1580933451507613 5.551221942748709 1.2026101940857568
-2.138577161340473 5.574432829263214 1.1909575251414912
-2.106013629345804 5.600858892343544 1.168047397390394
-2.0634936367652745 5.623582655900025 1.1378731314469273
-2.012526062891946 5.640499377209961 1.1219664653803085
-1.9611803118682145 5.653940224630675 1.1290877420690455
-1.9247742387091984 5.6578662461062414 1.149224102206305
-1.8835068625247375 5.664622401204193 1.1791703057869107
-1.8464781015459106 5.664757058036448 1.1901968922173243
-1.8190011276819646 5.66887006370461 1.197572367508195
-1.782460082706809 5.668022239418644 1.191528809311344
-1.7353437195912456 5.660674939407583 1.1690333770360994
-1.68819586340733 5.660835023004154 1.135091832236499
-1.6577838982241024 5.674842662625236 1.1086632182630818
-1.620658852678707 5.693277181086211 1.079151348255847
-1.5952327821135146 5.707090237186833 1.0552439096023996
-1.5613537561698987 5.720422810309692 1.0426709912441305
-1.542248368684886 5.731045106393209 1.0332388069201355
-1.529047164723278 5.744614536956512 1.01433759351571
-1.524009602222577 5.7538932132721285 0.994455933204448
-1.5125199217619771 5.759063812857233 0.9832999539703577
-1.4908904263404867 5.769211766800909 0.9776208550637033
-1.4601905238906543 5.767902716944052 0.9616285752291649
-1.4356610213107697 5.774865858092406 0.9303387066013675
-1.399684467013592 5.78545240346398 0.8958709880506248
-1.3822305650658553 5.804478430742773 0.8845244752615105
-1.393272895245568 5.81584406578806 0.8947999209718452
-1.4022338529363152 5.848911758655268 0.8922022541224431
-1.4252354971940893 5.887797779453203 0.8795430468423322
-1.464727033557696 5.927025933677175 0.8694156606773437
-1.5127252432042049 5.973799951891696 0.8662913487205863
-1.5602003186161175 6.025788285152185 0.8836880788127937
-1.5985689292447587 6.087687634685857 0.8883914228950597
-1.630908860586696 6.161087735477944 0.8744061823156979
-1.6428061523490802 6.228104956960069 0.8460415268216241
-1.648757124916715 6.298496102653909 0.8063417977464346
-1.6528985522893436 6.371869922475131 0.7547486692124898
-1.6566973058679828 6.439428367611129 0.7065140014812137
-1.689726024205826 6.517264145574682 0.6739164387969222
-1.7454532922263715 6.607189025083276 0.6699769920617998
-1.8074096602114187 6.704442717250506 0.6913255212652469
-1.853560061604247 6.807332847971491 0.6760895086323149
-1.9162019892641933 6.895910725094502 0.6662491687220458
-1.972009885499408 6.977319007995467 0.6401261446911297
-2.016346994385943 7.051943465297374 0.6093103264592334
-2.0559330771189943 7.124676420417821 0.6005794278151974
-2.0790278750484754 7.185245121729604 0.5780379098636804
-2.0906557757915776 7.256679696192345 0.594652371154813
-2.077059566809673 7.339321705548899 0.5812579095636344
-2.0797036458737512 7.414254461364385 0.5591926166239015
-2.0662893067763735 7.490501305195869 0.5150809832465055
-2.0820956775890664 7.57931580730903 0.4966054505059823
-2.0862545252496334 7.663294784255658 0.4732415344099591
-2.1118064238307053 7.777132925889173 0.4815228396365345
-2.131078984614555 7.891973757059624 0.4547255140648414
-2.168578509985286 8.011108657242406 0.43402677558753444
-2.1987032164166562 8.134947861611723 0.4205171126423567
-2.2337458514412853 8.266715853853295 0.395875845141497
-2.2632342848424214 8.381114529629219 0.3783015846479505
-2.2977790037110495 8.47985471269066 0.37252298750267115
-2.319549566690342 8.607363263979163 0.3976445932756757
-2.3783764820013005 8.720355753700888 0.4409716320344359
-2.40278481811552 8.815695792661868 0.4754015413315411
-2.416927608802946 8.923019785071373 0.5194665482271315
-2.415262226663483 9.013344422551159 0.5029639259611872
-2.423903547046888 9.097564448330868 0.49887229956221457
-2.4254080978424994 9.183305929364307 0.4988269942192943
-2.426234419242463 9.266662450675586 0.5042340120948725
-2.457514393290234 9.336702635993367 0.5371076795387688
-2.4202672010620647 9.400542566501702 0.5567232243300008
-2.415344547772629 9.469391835673937 0.591224210421451
-2.4112121216738815 9.52040270074753 0.6001716797626228
-2.401826395046437 9.579005198135102 0.6119250227560092
-2.380826597659439 9.625690738356168 0.5941986664916935
-2.3663491087136244 9.693193751988506 0.6054035797568765
-2.3156000740338003 9.745443460077635 0.5962740165599367
-2.2585069369606092 9.789190479359805 0.6049203987909546
-2.195526164162981 9.80819294388439 0.6197436787149004
-2.132641659687742 9.822124145036382 0.6570603670393655
-2.0968469901924083 9.82328936058487 0.6583483259547921
-2.052949286509909 9.812158498829364 0.6549638023022406
-1.999495654310791 9.790937456431173 0.6483899360865693
-1.9554116508441455 9.769016428285145 0.6341078736467162
-1.9036003292095627 9.753287424222046 0.6418719651611264
-1.8656845289978445 9.694436965766565 0.6456423451380912
-1.846152114613786 9.630655719694985 0.6926116789066028
-1.8136559549661637 9.562954195895493 0.743891136275015
-1.7867722651175786 9.481049689357706 0.7672320553769901
-1.7518442433661043 9.402750065598884 0.7679661439083997
-1.7293215137587978 9.301713323794251 0.7403962906890843
-1.7175280804345237 9.225000722151131 0.7184073487481581
-1.7112483604458495 9.150617294937714 0.694344456201984
-1.6977253961837064 9.090349972566088 0.6946051033797025
-1.6885048269484173 9.03110760050726 0.7101334096383097
-1.6769147510515925 8.969172890725096 0.726537083971847
-1.6446843284717563 8.918438327227982 0.7060766912413823
-1.6395257247781991 8.839247830585725 0.6629457126513233
-1.5943056680660845 8.783877118100921 0.6608238605410541
-1.562671566207194 8.71304101222119 0.6571642181441777
-1.522865851345962 8.624637127984125 0.6608035269512875
-1.4877385244033645 8.550796672642498 0.6990634761801632
-1.4541806627356166 8.48713909203553 0.7458213723342451
-1.4157840039798346 8.41422567668132 0.7883745116439835
-1.3947801696440711 8.350166721631174 0.8229942040946792
-1.353788177296246 8.273874774917612 0.8399013685527541
-1.3178333344561999 8.208808669110963 0.8373958819182702
-1.2639477608510488 8.138490948238081 0.8195673855809138
-1.2297191249047428 8.06754566517309 0.7947097963366574
-1.1850071362447672 8.01793303667925 0.7676247184758895
-1.1139328824165924 7.972884192104468 0.7351131957164125
-1.055805764783015 7.956495805409643 0.7387548580570498
-0.9972865077673712 7.938674125843642 0.7422522922932673
-0.9432692469605586 7.918557001691616 0.7307933048800099
-0.8862146430492812 7.894643682273216 0.7188916102064427
-0.8305095889349836 7.878062554960206 0.7226258406934222
-0.7891331879626069 7.865753874321733 0.7388345174081172
-0.735767545154717 7.85034412402743 0.7428911611790816
-0.6850567269151524 7.83378251947568 0.7345746695893918
-0.6415853419995621 7.821565453328679 0.7153563334730053
-0.594214794035401 7.801077837655072 0.6805960994102213
-0.5619609813008308 7.795572158530115 0.6397190951447472
-0.547824604157193 7.778412833270501 0.6019096358445832
-0.5407790702065602 7.743353303767309 0.546956895746978
-0.5378091342354185 7.697841886064044 0.5260553260243798
-0.5233107367375585 7.650282327784218 0.515031399914852
-0.4964795700497513 7.573785590903293 0.5151608289064071
-0.4588321089920697 7.499129949666246 0.5245392120705648
-0.39633998031859896 7.413365528554134 0.5249805681058521
-0.34059505776556875 7.330859485854001 0.5089416163178996
-0.2772046785049467 7.25734895298239 0.5025454226991324
-0.22637655132556045 7.174122476341717 0.487369162727487
-0.16586859008599397 7.102172097146935 0.5028552004515763
-0.12400960797924121 7.013809648458304 0.5054492867103776
-0.0711923886042456 6.9202024250408165 0.5018566623606564
-0.011048757472567061 6.8050655218870055 0.47660212551820014
0.04287501744088118 6.71376977100998 0.45007005778154646
0.1057197958904581 6.572820949940512 0.41392366403333325
0.1729969272029228 6.442097581555606 0.3777240064608862
0.2411021129686306 6.316181490426425 0.35043920998147465
0.29102210367014525 6.196572182736016 0.36194078552291065
0.38139656429591096 6.092419863104157 0.3691011158207201
0.44058248405736844 5.991856641993284 0.4043422777967832
0.5214021029689118 5.8888419759024835 0.4377232973128506
0.5851851061774722 5.791042147155363 0.4601916885577364
0.6426160084774089 5.690200048319584 0.4749343124348124
0.7074286269462213 5.5830195639212725 0.47468249040948785
0.7687604816580298 5.4937704961727025 0.47558288780268876
0.8266711833855345 5.395091543228606 0.4980047563656262
0.8973674419142919 5.311986766881201 0.522942344806693
0.9443768980435201 5.209325813520113 0.5317992887048324
0.9990442174278011 5.104430822260079 0.5292765360804542
1.079417614149468 5.0167631597707185 0.5150032981606989
1.1511806839665932 4.916359471282275 0.5006896846356115
1.230504330648202 4.823606448962096 0.4941542704997458
1.3037879458382364 4.723942671968947 0.4936577348372143
1.3975105428821726 4.6425380807927805 0.5155988846283092
1.4720515470511883 4.547150753444813 0.5178268560656066
1.5337230813880582 4.4597324993738585 0.5003126666090295
1.6039009799734458 4.365291851827992 0.4837012600180882
1.6675533038009798 4.2743391799607355 0.44698768699391583
1.7207633173757002 4.165770206978712 0.4008296934083143
1.7879274159139609 4.111959656291139 0.3619029141692049
1.8244181162306017 4.003570909780979 0.3370115536109594
1.890302520084385 3.9637229181852454 0.32652329096707355
1.9534158934201624 3.917035897373997 0.3293544827094158
2.0020469817328945 3.872367269487554 0.345201726237939
2.0350042601808633 3.8402614385398723 0.3803040446555031
2.0576627448847917 3.799586582051441 0.40915699103935127
2.0707545908950613 3.755686680710163 0.40641968522161304
2.0811844342734553 3.7123790965908428 0.40384655680237
2.085496736862406 3.6654727982319044 0.4109085954682072
2.081775058617391 3.612205329778394 0.4096881952280026
2.0725541414630047 3.5558351374518318 0.39895104432313677
2.0653913369187267 3.5202076128150126 0.3771562632653743
2.0552670014494154 3.4965655450896773 0.34794029246228253
2.0391530277934558 3.4810209551506053 0.3038626483176087
2.0250552813121945 3.4622267486767897 0.24134087615467553
2.000977039621644 3.4436059956998073 0.1718801620464055
1.9714191055831902 3.42471056368642 0.10658717406858775
1.9418692267689992 3.401976718626678 0.06265274595283232
1.9243695895060342 3.379824758822846 0.017151412478898287
1.9152908364075074 3.339532616463059 -0.047098960429226344
1.936990217353448 3.3077792347673003 -0.09747938976195336
1.9703980452453425 3.2922650510000717 -0.11214716158254368
1.9926351415817058 3.2936550013257855 -0.11496191728438143
2.0358117576249732 3.3025846527141085 -0.1073822039881811
2.0729633601751662 3.3299061905448997 -0.11346654941438006
2.1026322067609646 3.3628919247589573 -0.12338068664183743
2.1267647456905916 3.4024342858614465 -0.14994775677209538
2.1385145925664553 3.4569406942799072 -0.17945972938288446
2.152475014629819 3.5220183658039805 -0.21460763328019883
2.150134997487766 3.601079393902618 -0.25269858774163867
2.127064107859633 3.6858492705065617 -0.2764045082411034
2.0782872234834713 3.7799600133337523 -0.28537593042758325
2.0279469285961356 3.869476744089171 -0.2891694388685604
1.9743133387110925 3.948347281698473 -0.31509541556636533
1.9253273427049638 4.020866092663821 -0.33595330445967986
1.8738673311219114 4.085458073893301 -0.37689127158970626
1.8284742577165733 4.140105105404993 -0.39768513719811516
1.7873771785345118 4.179634749310942 -0.41268182409624865
1.755293640657075 4.233121470659791 -0.4139611826175382
1.7248518255712404 4.277192718200041 -0.40708680254258534
1.7085270019207122 4.333982377747857 -0.4094706615292041
1.696565260049601 4.41004904842775 -0.423131313644449
1.6773197712348487 4.480162464647837 -0.44691629936423616
1.6540863390260778 4.550821940099096 -0.45469801747060457
1.6238723999214115 4.6267844901664255 -0.4518090401886512
1.5913741771672956 4.696943983237137 -0.44234939458757694
1.555698133134126 4.761532948099315 -0.41910946809542304
1.5261114728504692 4.822989368546766 -0.4189299462117413
1.4996109553512085 4.888872718335229 -0.4292688617602065
1.4774583388086988 4.964552492682902 -0.4401855497157403
1.4634541869116036 5.053504176518583 -0.4450987927742871
1.4384989182678547 5.140044523057044 -0.4419674997617886
1.415666743196471 5.236808721574015 -0.4317131565098171
1.3839349761830868 5.3313847984930725 -0.43478051401661943
1.3446878620039433 5.423642770897654 -0.4563646967728481
1.3117266739906568 5.511417248970021 -0.49105386521561156
1.2684001102302291 5.58743069483412 -0.5256570644483949
1.224208191636655 5.656800192212641 -0.5485791589456508
1.1936203488959163 5.727889780187505 -0.5755210625845042
1.1405935904272635 5.79770396665994 -0.6047557856727841
1.117934514577275 5.875148186834844 -0.6492989522001558
1.0928459437639906 5.950217832553898 -0.6768542239333495
1.068691958642738 6.024278229897227 -0.6938639328320282
1.060591905841032 6.1134764167663125 -0.7016731904253986
1.0385382722812952 6.199642928559692 -0.6880111441781858
1.0089543421824674 6.283815609421309 -0.6657178428392483
0.9636970400231295 6.383140303256047 -0.6467306230636085
0.9279395521235778 6.491891038301322 -0.6409653813505227
0.8763918705332396 6.599380111383699 -0.6153964280242785
0.8504422952368178 6.71510462453589 -0.5982448094063433
0.7867185724594443 6.828138345831267 -0.5977228429758377
0.7286887573657315 6.949555718535461 -0.625269509498714
0.6845065683522771 7.075701341292412 -0.6678410198833091
0.6229370235330229 7.208087291644549 -0.6920737060020352
0.5595649691941151 7.308398199537276 -0.6937725215576187
0.4842497579682279 7.416393540626087 -0.7011212213457287
0.4233957274776703 7.532678608784705 -0.7137136555038122
0.3503876836995232 7.645598409557264 -0.732281052173519
0.2659206685497386 7.765688090851691 -0.7250859728252632
0.18595209821051917 7.863907610361853 -0.7025132003407144
0.12505678640039442 7.96175423408507 -0.6875113934964059
0.06888481323638729 8.05528366237661 -0.6844060825512392
-0.005890751926141746 8.143440211332694 -0.6968024412428115
-0.05712175987397039 8.220492919552779 -0.7218985056953877
-0.12298346532533255 8.285799374233378 -0.7435982835641659
-0.1792121857021458 8.340739751918473 -0.7443819476650457
-0.22367233128299358 8.387960560854218 -0.7234910545443842
-0.28102906932570715 8.439895419240491 -0.677114814946066
-0.32660168561810643 8.47365180611175 -0.6732901239700975
-0.3622003620368215 8.508265753310832 -0.6907268799510329
-0.3949163055021403 8.548188218135934 -0.7179179389793295
-0.4335958451595383 8.573514472579715 -0.7477685755711245
-0.473229379961702 8.59587114623974 -0.7569103744350667
-0.4959967702805592 8.624502741879454 -0.7568136918525923
-0.5210801801974334 8.648644567064025 -0.7212372171528636
-0.5455378098822656 8.676666098019378 -0.7038252542003038
-0.5579749405397969 8.703214754369618 -0.691276140114774
-0.5791499005026415 8.750008384753702 -0.6862812913634346
-0.5865212909608797 8.791926122247155 -0.6936523382947986
-0.6086434093759205 8.833108557096951 -0.7218230044281526
-0.6340962735064757 8.867181289598568 -0.7578117163022791
-0.659358025760028 8.90451850038695 -0.7959824319718074
-0.6911225564221946 8.93820987528192 -0.8381305700825352
-0.7288465436078084 8.967883169044368 -0.8629842728016208
-0.7721726107754829 8.984590755388428 -0.8804889773224411
-0.8054770350558194 9.009534636127228 -0.8628065375124556
-0.8508629775888963 9.031124579214634 -0.8637174492402229
-0.8936288389989748 9.05665541001314 -0.8647699130536093
-0.9468172397397607 9.071460057239596 -0.8771451582944418
-1.0006022208555203 9.08095872038923 -0.8899159778339989
-1.0591530414826913 9.078026293156988 -0.9124000452740779
-1.1287037379928293 9.068781354895682 -0.946215543216054
-1.1829533635608716 9.045374990529098 -0.9519973620654514
-1.2496086869341685 9.036033490305318 -0.9686707140880426
-1.29811030584548 9.010553618428627 -0.9373399991118736
-1.3547647661751894 8.994687256206518 -0.91197043042333
-1.4046947424589664 8.972084257085697 -0.8503210202782716
-1.449307296815605 8.942927823876321 -0.8128177631056359
-1.514731106518438 8.91311767143371 -0.7782445777592875
-1.5459601179657154 8.892293825358367 -0.752020662993228
-1.5959874303932624 8.855263410027135 -0.714855084264935
-1.6349733646804143 8.819543722630788 -0.663621978566038
-1.6571896712401921 8.7847068490043 -0.6039531710095816
-1.695434196235233 8.743136310583616 -0.5537953789947632
-1.7254710444397237 8.681816231373917 -0.5226293248933438
-1.7669102481556695 8.618750523470057 -0.48710001810160697
-1.7887577393832048 8.533950169813588 -0.4697051146756326
-1.807043095662964 8.462675768862589 -0.483526080780613
-1.8160498176185058 8.390856623713677 -0.4816609390407922
-1.822131110499912 8.314015313915249 -0.47572813406017156
-1.8214538980183308 8.234397336382127 -0.45716862329865937
-1.8196931263790788 8.158405006982138 -0.42216097928463125
-1.8103055179121803 8.072413011742906 -0.3706006797709891
-1.7952311084621417 7.989736724684295 -0.32974779127353837
-1.786205744088491 7.902444779269722 -0.3105069391830414
-1.7658315659836399 7.7981539113859775 -0.2975052717429415
-1.7367251947658708 7.7026325119189085 -0.29672852129101546
-1.7039200631112346 7.570123894236406 -0.2893360713607549
-1.653357278010068 7.447006830629711 -0.2636517160203087
-1.6147170699079156 7.323000847518426 -0.24503750630537136
-1.5594320667887498 7.165426540948525 -0.19404085509872582
-1.5304928310275177 7.002568348152044 -0.15114115644401693
-1.5059650110169471 6.836317711932873 -0.06534005880234695
-1.5110163922363933 6.695692833961518 0.01087129921390484
-1.4920686253924886 6.57232289335823 0.07311727516191802
-1.4848877154857005 6.434926269388265 0.12028700298271694
-1.4657725459115571 6.292951884974077 0.15016306709687766
-1.4358866930634306 6.157821488493111 0.17288709729321344
-1.3997269716410177 6.024611176244882 0.17829775826105254
-1.366751246037385 5.9047284989222035 0.16699057243400245
-1.3170024484330076 5.792318637366742 0.1612435864671486
-1.2603459375152415 5.689689519045237 0.1624957121017616
-1.2019448179066776 5.594797442237354 0.16222718879876957
-1.1334019212935367 5.491017990583503 0.1497265424723382
-1.059078495746805 5.402154705473819 0.14080224683985892
-0.9801946502387775 5.303593653875195 0.14550777766249945
-0.8842794131879961 5.217793711176721 0.14954338260093963
-0.7997916275133923 5.116478349190103 0.11918429022673249
-0.6821500496607413 5.024017380407992 0.06049307382758651
-0.588261228103443 4.915218573418901 -0.0006815591207002258
-0.47017648231988574 4.828331915158524 -0.049701608052652446
-0.3513873511397927 4.731508099777482 -0.07248978796688588
-0.21605286719992467 4.637718679828545 -0.08589594450508808
-0.08630737785124065 4.551726008227222 -0.08417802492692361
0.0594076031938604 4.448042936047166 -0.07673819918197866
0.19441442315795232 4.343705807227728 -0.061026475233852406
0.3522795984987841 4.237575669238174 -0.04567225704840416
0.501487575977591 4.134595260201737 -0.010239020259044107
0.6371143638955443 4.053730997171872 0.031031527573123663
0.7687848896445284 3.9496338219299862 0.06336097478918667
0.8867603970733651 3.8414560768047443 0.07102655623904996
0.9922496366364806 3.7456835716110777 0.07997857809416664
1.101743649032314 3.640827678038922 0.07551831486760885
1.2048790740791233 3.5481175323246696 0.06215326525469611
1.303875169707629 3.439923952349995 0.049544002366055384
1.400814625152461 3.345004481493753 0.0487228774242815
1.4891294192521691 3.2519684598411716 0.05939660049540452
1.56440975287429 3.1618495354462914 0.0798198213772775
1.618803652498371 3.055690688998997 0.089681344378998
1.6436508861226518 2.9615217222705934 0.0838299434615174
1.6668408426077739 2.879232809835067 0.06762713802658848
1.6825763825968183 2.8112373390055603 0.04194670633349673
1.6992893903908537 2.7684412191883943 0.0038296052035128314
1.7046987908837918 2.7293028029967084 -0.04249183919537425
1.7100316376267415 2.6968434747480097 -0.09051189398340853
1.7285906442944818 2.677408408739463 -0.11927963515457918
1.7559339265546163 2.6608236834722576 -0.12754875138132504
1.778533336774037 2.650772474860427 -0.1271848804285296
1.7985393937521321 2.645174909015062 -0.10881922727437354
1.8165591069107379 2.6443798667703384 -0.07454447777615425
1.8335197738833897 2.6447852224047046 -0.05772152293853716
1.8502069667296004 2.6465881744344757 -0.05316362442939593
1.8647312757288033 2.649565605371642 -0.06200599863416434
1.8780901690790444 2.653465441707161 -0.08171521587448694
1.8837536826678298 2.656034526919402 -0.11168167107965954
1.8922415634069725 2.6589097326499815 -0.15202801552705925
1.898866133252088 2.6607332100589844 -0.19248713051199728
1.9077266843030478 2.656763202356642 -0.21172105455264723
1.9178584453844874 2.654572893769988 -0.2262342704383562
1.9281562419895217 2.6496734309534493 -0.22997452094177329
1.9322789748474554 2.6546505926051824 -0.24579050421124515
1.9404224246551278 2.6592227233966805 -0.2708641406275537
1.9425236366662486 2.6620691405125476 -0.309732353600809
1.9512793222769313 2.66337738312729 -0.3402342708126245
1.9625250576092013 2.670197169317499 -0.34891556718015526
1.9631772977358541 2.6748220850857085 -0.34253878662199366
1.9649442582503003 2.6911859956153594 -0.3398350051780883
1.9640901045023629 2.7067714606048487 -0.3477730375628344
1.9652048888321292 2.7217091660663626 -0.36658791910179356
1.9595517238215612 2.731956646438215 -0.3763405171639882
1.950977501502833 2.7383956135092293 -0.3687323242530386
1.937171707036288 2.7519361783108853 -0.3563845551051723
1.9185214655115206 2.773345369825392 -0.3513050548802942
1.9042438890474593 2.791937884737219 -0.357976908967627
1.8995657906717787 2.8289626417031175 -0.38404754078630154
1.913807960351333 2.865755053338614 -0.41806649228084725
1.933343362744516 2.909175581119801 -0.46662700652994826
1.9494207293158787 2.9363573945383457 -0.5208021899122537
1.9656849372859728 2.969660131528323 -0.5525677284422426
1.9797016990471046 3.009011336570484 -0.5766457375414018
1.9980454608102511 3.062636819108525 -0.584708541131447
2.0243384248061815 3.128542148328409 -0.5968442308944559
2.040420932069249 3.1847281421109224 -0.6231931597452516
2.0745767415340777 3.243240350241169 -0.6665927719233387
2.1024337162781452 3.297143225588528 -0.7070838390281446
2.156118543621205 3.3760878739618083 -0.728873928271061
2.1920346699263127 3.4380404470626273 -0.7290463476535138
2.2280595835555705 3.4924685054136027 -0.7152845035647089
2.260245376371216 3.558574250111533 -0.7081869562068457
2.2846188996102628 3.637038941131689 -0.7150285065828648
2.2871804961181206 3.7072010053208415 -0.7241721773230596
2.292886473267828 3.826336183970508 -0.7576170282801169
2.28257478376823 3.90289102401904 -0.7990491530802599
2.2829393890479994 3.98523364481071 -0.8270844727956266
2.2590627678833086 4.092338743125259 -0.8308982322077447
2.227877873669967 4.1974462763454135 -0.8278525501752361
2.186406787638352 4.294621557959957 -0.8085918050573517
2.1442697443935996 4.411940290188879 -0.806445668937718
2.0986005717998815 4.509930122563942 -0.8146150313845093
2.0207015410846236 4.648529215648855 -0.8436196688230444
1.9676582756686631 4.73762161507387 -0.8742944995223696
1.9180079023708614 4.828439998976345 -0.9023265933489089
1.8763888741630974 4.903360574163784 -0.9161663678442182
1.8290352491368211 4.98169520483548 -0.9191765008519381
1.777235117003542 5.056397843175835 -0.9272472884859673
1.712732357360275 5.150933552032711 -0.9481360919256492
1.6803499692137618 5.2217134521374415 -0.9752070219610647
1.6454336661502644 5.29218667048694 -0.9980551217866684
1.6067625898450095 5.36279011270519 -0.9979040585594261
1.5623159045832686 5.429946970354479 -0.9829754513606577
1.5061980178101164 5.507782019571875 -0.9746353395523053
1.433245804071018 5.6061765131151535 -0.9728228577623927
1.3619580732433314 5.7096610089632325 -0.977584104143242
1.2928143547851296 5.828204960137928 -0.9710190755245445
1.2263090200085363 5.949029920227753 -0.962069938082043
1.172721086973512 6.068998534488456 -0.9510100669640835
1.108913499186885 6.194590528169794 -0.9525276585856819
1.0589331614951965 6.329064880339914 -0.9687182870122812
0.9992795805247585 6.453899218035554 -0.9906042203507734
0.9385902266584525 6.580397678022418 -1.0226775688105725
0.8752279000459589 6.698797735022705 -1.0447066549080795
0.8085979650541337 6.809405819223212 -1.0425028605641877
0.7375914827465229 6.92746992884439 -1.025936995050336
0.6587209069432389 7.04114581361093 -1.0033363511013902
0.5693624998679256 7.16821850464177 -0.988656384604248
0.4819044856048018 7.296428365654991 -0.9836093449953471
0.3785737948481849 7.416374814349247 -0.999975398903348
0.2683379020827914 7.529222813395393 -1.0152666807671191
0.17046328766147223 7.65131945633788 -1.0092774944520335
0.06921151083032395 7.757387950216545 -0.9973133258336213
-0.037480192372045806 7.859955836107455 -0.9858997780835197
-0.1431278608529123 7.959555642645652 -0.9999031902793132
-0.2417711996876637 8.057197554642311 -1.014645841679657
-0.3533725587405705 8.143700363453377 -1.0269636890292173
-0.4682391839350002 8.22928232360576 -1.0187301106272428
-0.5862592687463986 8.306214869882414 -0.99044536015504
-0.7108051724909101 8.365874783950797 -0.9885943938949615
-0.8258852217648469 8.407202628818712 -1.0000625966304606
-0.9451801307490317 8.422312733927786 -1.0260608244970686
-1.0703777739273646 8.426421876737765 -1.0517963044905856
-1.184022143966935 8.433263724744316 -1.0624055623350142
-1.311447073498539 8.429009818338754 -1.0533964339281146
-1.418983307134126 8.433559399250218 -1.0227565072217955
-1.5174090861669436 8.44550668946679 -0.9749873266390474
-1.6135446306014574 8.440948996312438 -0.9297717427912933
-1.6978084323951066 8.443558433141861 -0.8951141508766871
-1.7915217733300732 8.435066349689079 -0.89652536002751
-1.872085346970736 8.417209266047317 -0.8886263969708845
-1.9626239730712518 8.378932226761876 -0.878548817898982
-2.0244519416285485 8.340440204242544 -0.8498266711562097
-2.089576725087583 8.291343374302032 -0.829273195285096
-2.1306441681778763 8.241977293094054 -0.8136731274154239
-2.1736371521818203 8.197324383728725 -0.7939992167064183
-2.176851702789456 8.153116682934924 -0.767226811492909
-2.168043841791243 8.101710076546775 -0.7325022199603706
-2.1399525026173833 8.044984889877089 -0.7153764761387984
-2.090682135580251 7.977854501640442 -0.7059530325443595
-2.019391673029312 7.904235582619922 -0.7040265201998319
-1.9278615270318413 7.8186005132341005 -0.701570624366598
-1.8128682785984918 7.721390134918439 -0.6804025796662432
-1.6961776299037634 7.634480019130397 -0.6482153391618259
-1.581449444338629 7.543203333529949 -0.6218057253382174
-1.469936152016535 7.44373106709252 -0.6040486138011563
-1.3563228913450676 7.350876797618037 -0.5926849893287638
-1.2411992219853536 7.2402167241779996 -0.5722292464601781
-1.134641575965107 7.1343869325530385 -0.5353818418954432
-1.0184658247869258 7.023578343309778 -0.5054176372057768
-0.905300665699424 6.9101318621884005 -0.48730696956584874
-0.7897246111572613 6.792372781729039 -0.48927101410726026
-0.6961021340866207 6.685748199577338 -0.5005834325102207
-0.599483810618886 6.5776600711034305 -0.5173242196499932
-0.5177492977355325 6.463728845181796 -0.5365853816538337
-0.442941321819017 6.353708929486199 -0.5383700306038737
-0.35245660881545415 6.253527690875028 -0.5047318470070254
-0.27602504460729627 6.15105131699989 -0.4668909030559605
-0.20547759273287358 6.060629609301548 -0.43270262574523777
-0.125902643059554 5.967568448023156 -0.40317904521984294
-0.04746563813459481 5.886609053911874 -0.389670584925369
0.035708093160998544 5.80441134828823 -0.38992048194234363
0.11041316559738323 5.725191200624444 -0.385411555349328
0.1893278814133712 5.638704460915838 -0.3693105675851144
0.25234905142064434 5.55759921784181 -0.34474604168173506
