x y z
4.60117697 -1.900212301 0.718913168
4.596870014 -1.893471456 0.763491017
4.591349537 -1.888650538 0.810575215
4.587151341 -1.884822793 0.85581848
4.585981121 -1.883720458 0.896765978
4.587221567 -1.881618362 0.924317485
4.588854934 -1.877159527 0.924010147
4.592209113 -1.874037383 0.891773491
4.597116168 -1.873411411 0.838269994
4.603245061 -1.873972523 0.779376794
4.609262656 -1.875972939 0.726406715
4.61494348 -1.877768431 0.687237309
4.619580183 -1.87867307 0.662802428
4.622743458 -1.878478786 0.662832595
4.623233016 -1.877234428 0.690110236
4.620489759 -1.87438768 0.739271919
4.614354152 -1.870096496 0.798905887
4.607090313 -1.864538228 0.861128712
4.608098335 -1.862408605 0.925103936
4.605375 -1.857707979 0.969930564
4.603631966 -1.853843143 0.983998635
4.603122365 -1.851696274 0.963954865
4.603596186 -1.852303552 0.9188853
4.605567723 -1.854970091 0.863933116
4.608613206 -1.860857272 0.806636432
4.611604648 -1.868176998 0.750609333
4.615174114 -1.874388093 0.700360315
4.617967417 -1.877815099 0.669706086
4.620091455 -1.878165018 0.666946212
4.619805919 -1.876923886 0.697985752
4.616482761 -1.872486645 0.750656152
4.60979766 -1.864345548 0.813612716
4.603054793 -1.859320372 0.881527498
4.597090145 -1.85561652 0.949893294
4.593888977 -1.853501952 1.010405647
4.599209137 -1.856854546 1.044623129
4.600212011 -1.854281474 1.04060563
4.600844226 -1.854260116 1.004232038
4.601527405 -1.855467562 0.946005892
4.602141953 -1.85627242 0.880483071
4.604963228 -1.85999975 0.811914827
4.610976867 -1.865396044 0.748152352
4.616901237 -1.867773455 0.694300588
4.620947976 -1.869148721 0.666629879
4.624292769 -1.869117338 0.674321918
4.625103675 -1.867811108 0.717149379
4.623571236 -1.864565524 0.781379238
4.618958058 -1.860832182 0.853223268
4.614042746 -1.860167791 0.920077781
4.61121034 -1.861417148 0.980084867
4.605332012 -1.861374772 1.026672633
4.601087014 -1.861168332 1.04635361
4.600780197 -1.860121547 1.03061718
4.601828261 -1.861011983 0.98694086
4.60226427 -1.862347795 0.929239427
4.60269867 -1.862683707 0.867170839
4.602260625 -1.862575685 0.806987118
4.602468082 -1.865881469 0.757868242
4.6033774 -1.867533082 0.72116245
4.603859684 -1.86782498 0.699530284
4.604196233 -1.867634834 0.701154773
4.6035661 -1.869403235 0.732017285
4.601829907 -1.8729366 0.784483586
4.597759974 -1.874113716 0.848290442
4.593666369 -1.873732153 0.916681802
4.590671533 -1.873209909 0.983717154
4.590225247 -1.873593503 1.045757073
4.592047206 -1.873737099 1.079646536
4.593735403 -1.873747104 1.080991796
4.593852799 -1.873116477 1.05255561
4.594197908 -1.872473496 1.002199147
4.595449245 -1.869288335 0.945188152
4.600345812 -1.866154535 0.895899164
4.606199761 -1.863747804 0.856444051
4.613820403 -1.86661367 0.824541872
4.620928186 -1.869276071 0.800939559
4.62788293 -1.872033512 0.787528367
4.63809901 -1.877719367 0.782505588
4.647412212 -1.882052298 0.783496459
4.654419697 -1.884474188 0.787810627
4.662389238 -1.887295491 0.791909223
4.673406036 -1.890236609 0.790626567
4.685951569 -1.894108584 0.785775464
4.696326515 -1.895862817 0.781004015
4.69921026 -1.896204902 0.78126364
4.697562201 -1.896713505 0.785928441
4.696962667 -1.897641208 0.790492412
4.699404179 -1.900153126 0.792740039
4.704002121 -1.905711489 0.793585374
4.708480751 -1.913847271 0.794208169
4.711862624 -1.92206958 0.796817924
4.715047765 -1.929277109 0.802084719
4.720986447 -1.935961523 0.805424756
4.72731528 -1.942841205 0.805518193
4.72931626 -1.947958437 0.805996548
4.728532766 -1.952737739 0.807897546
4.72774433 -1.95684661 0.809255065
4.726977284 -1.959392041 0.807915431
4.725662015 -1.960306531 0.806403496
4.724361352 -1.960327027 0.805406155
4.724206706 -1.956815359 0.80454897
4.725875769 -1.945689657 0.80362922
4.729351963 -1.924524206 0.802491364
4.732082466 -1.893454479 0.802142407
4.733548308 -1.853677733 0.802670808
4.735733883 -1.80765139 0.802258136
4.73902401 -1.757220159 0.801102317
4.743281518 -1.704590423 0.801136299
4.746824554 -1.652367891 0.802069011
4.750542916 -1.60099152 0.801115411
4.755000701 -1.559200902 0.797639822
4.760590646 -1.523098905 0.792485035
4.76321009 -1.494199271 0.789338098
4.762669511 -1.476241596 0.785770206
4.763576532 -1.46567804 0.781659613
4.764303647 -1.462862714 0.777389029
4.765473774 -1.463055369 0.772714148
4.764828764 -1.468752246 0.773078815
4.761782523 -1.482515444 0.776681213
4.757545352 -1.505970514 0.779871381
4.750190112 -1.539783296 0.782520963
4.741258466 -1.58276837 0.785951728
4.730990533 -1.633561487 0.790923088
4.719174079 -1.687102703 0.793778214
4.704845046 -1.742863265 0.794912762
4.687678763 -1.800700831 0.795362084
4.671459667 -1.856135551 0.793815126
4.658174308 -1.906942786 0.790213356
4.648267377 -1.953064781 0.785250181
4.640616172 -1.988291098 0.78103983
4.635938999 -2.008373266 0.779926197
4.635522688 -2.014217953 0.781283093
4.637341347 -2.009351745 0.783073742
4.640870132 -1.993305858 0.783470832
4.64607959 -1.962940493 0.782187262
4.653994994 -1.919519366 0.779662424
4.663469813 -1.867791361 0.777437448
4.673666538 -1.809799942 0.776190943
4.684629709 -1.748878819 0.775234177
4.69690896 -1.688675387 0.773144773
4.710510069 -1.632022416 0.769371122
4.724291754 -1.582056578 0.763793974
4.736321173 -1.5422937 0.757600637
4.746246808 -1.515658797 0.753000249
4.751305124 -1.501464197 0.749421464
4.752212429 -1.496997982 0.74673177
4.75039423 -1.500217269 0.745816875
4.746873435 -1.511654985 0.747180093
4.740045164 -1.535186864 0.748946225
4.728319573 -1.571894282 0.751090454
4.713451419 -1.617522551 0.753641952
4.697632295 -1.671710628 0.755905288
4.681125969 -1.730904392 0.756274275
4.664157696 -1.788910202 0.754020737
4.648854154 -1.841341721 0.75090587
4.634573299 -1.881690658 0.748474402
4.618503637 -1.90965223 0.746134743
4.60663023 -1.932099117 0.743125546
4.600794373 -1.952273884 0.739639458
4.605330187 -1.972408742 0.737509751
4.62495601 -1.989920269 0.736439468
4.65797905 -2.000361029 0.736170247
4.697932753 -1.999971684 0.735676034
4.741151422 -1.991869291 0.734077901
4.78465365 -1.976572048 0.733660564
4.82577317 -1.951154822 0.736259046
4.860582224 -1.914770884 0.740708141
4.885220251 -1.87102773 0.743962372
4.898986146 -1.819600122 0.743766497
4.900952721 -1.759294054 0.741380346
4.89016419 -1.693242789 0.739551469
4.865533686 -1.628167604 0.740268835
4.827660135 -1.573851061 0.743385302
4.780205487 -1.5366099 0.746348292
4.72419194 -1.519895639 0.747764434
4.66352113 -1.524537204 0.747467524
4.604369374 -1.549927838 0.747130154
4.550983269 -1.594046827 0.747636251
4.508953697 -1.652678128 0.748866573
4.481799696 -1.719305951 0.749580503
4.470653183 -1.787762283 0.748009266
4.476958302 -1.852783734 0.744963915
4.4987585 -1.910170545 0.742664892
4.532524537 -1.957159744 0.74055689
4.573760783 -1.991500943 0.736631825
4.620067532 -2.011796401 0.730701119
4.667011328 -2.015177535 0.723784024
4.713746484 -2.002176151 0.717635594
4.757837898 -1.975097018 0.712368136
4.79714364 -1.934313156 0.70893969
4.828220874 -1.881862202 0.709477402
4.8471959 -1.821397594 0.714193385
4.854434648 -1.756599096 0.721155263
4.850707509 -1.693247206 0.728793038
4.838913089 -1.634507021 0.734017415
4.818615526 -1.584064394 0.737848648
4.78793599 -1.543433779 0.744156046
4.749733397 -1.514531987 0.751965897
4.707974108 -1.501745824 0.759406003
4.666103641 -1.507008925 0.765849393
4.627265283 -1.53062733 0.771518298
4.593820471 -1.569834236 0.778200414
4.56830906 -1.621974277 0.786079427
4.554207398 -1.681136974 0.791034113
4.554686824 -1.739948988 0.792915498
4.57148419 -1.790526556 0.794323225
4.602262485 -1.823842287 0.795641754
4.642663113 -1.837925358 0.796813082
4.688830476 -1.837915327 0.797516288
4.737137689 -1.832756856 0.800997213
4.785274027 -1.83337312 0.808604838
4.829556261 -1.846818945 0.816475315
4.865622055 -1.874829685 0.822975262
4.888576915 -1.912528549 0.827386413
4.895676064 -1.952999938 0.830314887
4.887482998 -1.989787982 0.832693362
4.867334265 -2.022417448 0.834737428
4.838912797 -2.049174039 0.837262758
4.804880261 -2.062803598 0.840647674
4.765905685 -2.058734882 0.843099603
4.724611838 -2.036568769 0.843953704
4.685465369 -1.999032553 0.843036817
4.651185907 -1.948538994 0.839101939
4.62157598 -1.890091838 0.832799741
4.601655492 -1.830600366 0.824903477
4.594190304 -1.77396045 0.816251505
4.599655399 -1.723676819 0.804355742
4.615425517 -1.686846696 0.789362306
4.637247917 -1.668916822 0.774156651
4.658392353 -1.670425869 0.759257025
4.67147233 -1.685310858 0.745857475
4.670177297 -1.702831016 0.735156412
4.654422342 -1.718586269 0.725760167
4.631263769 -1.731134943 0.711903327
4.606582146 -1.741724857 0.692233478
4.584541797 -1.752367874 0.668607161
4.563763892 -1.760330656 0.644668467
4.54444018 -1.76642209 0.621731703
4.528855859 -1.772024241 0.602368754
4.517178405 -1.775258168 0.588047729
4.509493048 -1.776807245 0.579459311
4.503670703 -1.778271337 0.573041422
4.499776341 -1.778781736 0.568073245
4.497139844 -1.77927673 0.564456862
4.495404644 -1.77911784 0.560794102
4.494338403 -1.778791475 0.559512303
4.494657202 -1.777463768 0.558443103
4.49504568 -1.777241685 0.558549375
4.49579022 -1.778328979 0.558901679
4.496055811 -1.778397179 0.558733202
4.49617373 -1.778368328 0.558712224
4.496291771 -1.778476045 0.558653348
4.496455241 -1.778568972 0.558575862
4.496434833 -1.778477141 0.558492876
4.496426257 -1.778399309 0.558437054
4.496383689 -1.778400016 0.558372947
4.496347106 -1.77838412 0.55841316
4.496261526 -1.77846625 0.558523871
4.496089459 -1.778503548 0.558574191
4.495982929 -1.778481502 0.558648784
4.495903405 -1.778435375 0.558658156
4.496047372 -1.778329772 0.558703158
4.496005124 -1.778367403 0.558768239
4.495985366 -1.778311571 0.558822575
4.495987635 -1.778186021 0.558707576
4.49589763 -1.778303507 0.5586538
4.495952493 -1.778339275 0.55872925
4.495984224 -1.778361497 0.558749481
4.495974548 -1.77835567 0.55870465
4.495996041 -1.778339375 0.558679067
4.496024545 -1.778367225 0.558781745
4.49601122 -1.778346274 0.558792866
4.495968336 -1.778318128 0.558724913
4.496028904 -1.778311352 0.558746038
4.496030554 -1.778339154 0.558782323
4.49601748 -1.778341501 0.558868426
4.495966555 -1.778270055 0.558792636
4.495999887 -1.778295467 0.558854046
4.496080108 -1.778342836 0.559053729
4.496050005 -1.778299579 0.558856706
4.496088342 -1.778253515 0.558783883
4.496038612 -1.778262165 0.558740306
4.496016605 -1.778318744 0.558779421
4.496057599 -1.778313736 0.558778466
4.496040745 -1.778291722 0.558792597
4.496023052 -1.778251293 0.558791854
4.496061942 -1.778234312 0.558768343
4.496049995 -1.778288376 0.558729626
4.496070103 -1.778336601 0.558687156
4.496106508 -1.778359866 0.558686623
4.496168035 -1.778384795 0.558699762
4.496093347 -1.778656056 0.558827231
4.495995867 -1.778920056 0.55892035
4.495819819 -1.778742943 0.558845127
4.495827981 -1.778440118 0.558968166
4.496085958 -1.778169131 0.558962051
4.495974015 -1.778129266 0.559024314
4.495968881 -1.778231931 0.558899176
4.495900952 -1.77830831 0.558803471
4.496053943 -1.778470163 0.558710188
4.496111989 -1.778360614 0.558633198
4.496156354 -1.778294658 0.558711423
4.496163856 -1.778415964 0.558716873
4.496219685 -1.778570277 0.558754688
4.496248428 -1.778425107 0.558862322
4.496204785 -1.778236664 0.558942226
4.496321685 -1.77858606 0.559080186
4.496504741 -1.778892726 0.558975566
4.496351265 -1.778946392 0.558870587
4.496461834 -1.779012736 0.558704953
4.496767786 -1.778909125 0.55847469
4.496883651 -1.778541108 0.558428183
4.496818793 -1.778270092 0.558683616
4.496864602 -1.778430055 0.559004456
4.497001166 -1.778722701 0.558932938
4.496944157 -1.778898653 0.558883984
4.496894658 -1.778978111 0.558822239
4.496940864 -1.778933985 0.558751465
4.496857586 -1.778873954 0.558666736
4.496882428 -1.778805817 0.558594282
4.496887752 -1.77876959 0.558636022
4.496904421 -1.778801915 0.558668756
4.49683868 -1.778840052 0.558616187
4.496825614 -1.778784257 0.558694822
4.496924838 -1.778773691 0.558771044
4.496944354 -1.778784131 0.558853653
4.496965345 -1.778771208 0.558756086
4.496960043 -1.778714263 0.558661722
4.496847511 -1.778667464 0.558671149
4.496783811 -1.778810789 0.558718493
4.496809493 -1.778887073 0.55872545
4.496927087 -1.778952404 0.558755136
4.497043479 -1.778851129 0.558719606
4.497023772 -1.778783318 0.558761872
4.496875416 -1.778742346 0.558771913
4.496873828 -1.778722971 0.55876467
4.496877538 -1.778710661 0.558774779
4.496884646 -1.778713392 0.558711734
4.4969358 -1.778801893 0.55865111
4.497026368 -1.77881884 0.558705626
4.496959745 -1.778811955 0.558796925
4.496878859 -1.778798806 0.558740917
4.496873917 -1.778842558 0.558703999
4.496826408 -1.778845623 0.558698727
4.496877789 -1.778852898 0.558672699
4.496912491 -1.778807422 0.558658438
4.496961218 -1.778799534 0.558629716
4.49695798 -1.778826644 0.558691326
4.496880443 -1.778795569 0.558745922
4.496896278 -1.778859982 0.558780311
4.496990885 -1.77886338 0.558728245
4.497047168 -1.778859356 0.558661913
4.497040863 -1.77891094 0.558677806
4.496990754 -1.778846602 0.558712415
4.496851374 -1.778803971 0.558713438
4.496607969 -1.778733453 0.558765018
4.496723613 -1.778827458 0.558626148
4.496715262 -1.778901622 0.5585885
4.496773567 -1.778858321 0.55866181
4.496942979 -1.778936214 0.558590005
4.496956458 -1.778850517 0.558615067
4.496954818 -1.778684357 0.558719378
4.496855251 -1.778562302 0.558807392
4.496559804 -1.778663761 0.558781083
4.496143112 -1.778581025 0.558780827
4.495948592 -1.778558605 0.558859967
4.496054684 -1.77856233 0.558586309
4.496288936 -1.77847171 0.558367318
4.496512356 -1.778628676 0.55867577
4.496633002 -1.778686433 0.558812348
4.496862574 -1.778403878 0.558786326
4.497111015 -1.778653713 0.558681266
4.497183293 -1.778518117 0.558447162
4.497052885 -1.778651562 0.55895352
4.496296445 -1.778425566 0.55919166
4.495572232 -1.778511992 0.559471973
4.496363303 -1.778820102 0.559466152
4.498672084 -1.779043225 0.558610194
4.503797934 -1.776525587 0.557590627
4.513303684 -1.770106768 0.556351974
4.525908428 -1.761722252 0.55476916
4.541821056 -1.752235853 0.555216264
4.559666162 -1.741537193 0.561022991
4.575774526 -1.731219527 0.574100175
4.586763132 -1.722214429 0.594526804
4.590097764 -1.714679593 0.615243411
4.591489295 -1.708896642 0.628323463
4.591090672 -1.703510923 0.640740244
4.588517218 -1.69913572 0.656416866
4.583880404 -1.696005422 0.675562228
4.577017358 -1.693982847 0.697030631
4.568121153 -1.692188562 0.718113947
4.557425419 -1.691538653 0.737552516
4.544493405 -1.691746311 0.755424701
4.529408148 -1.692697641 0.771335987
4.51098022 -1.692527975 0.784787251
4.488665013 -1.688309399 0.796006482
4.464123115 -1.679843595 0.806857316
4.439364148 -1.668222908 0.816854639
4.415776631 -1.653691929 0.825838487
4.397673673 -1.639533879 0.833260916
4.382833992 -1.624315505 0.839343557
4.368179563 -1.605627768 0.845605895
4.353424742 -1.583086328 0.849828001
4.337800874 -1.557410002 0.851342406
4.321410677 -1.530548274 0.850678927
4.30618629 -1.503980235 0.852165678
4.293731754 -1.477809477 0.861721536
4.284833859 -1.452965833 0.880216202
4.278659853 -1.429281999 0.905375441
4.272650066 -1.405755446 0.929806824
4.265712067 -1.382043703 0.94976662
4.257507879 -1.358107898 0.9630754
4.245848012 -1.333154927 0.971466275
4.230702089 -1.306576317 0.97594936
4.213177296 -1.275789912 0.975030044
4.194817372 -1.240758877 0.969803414
4.175662268 -1.200412501 0.964267248
4.158918516 -1.15565887 0.963758826
4.139441914 -1.106756655 0.968762752
4.119049019 -1.054938608 0.979729045
4.098378313 -1.002454578 0.987385673
4.078427713 -0.949791791 0.988578293
4.059154901 -0.89670731 0.983029607
4.040982932 -0.843522467 0.972624236
4.023443435 -0.790686302 0.959707201
4.006145347 -0.738325573 0.95199522
3.988748137 -0.686699663 0.950565852
3.972405259 -0.635447825 0.94868352
3.957016606 -0.583653694 0.933568216
3.942101082 -0.530815087 0.906279975
3.926043865 -0.478000165 0.87760912
3.909412543 -0.426877248 0.855879809
3.892861544 -0.378408985 0.842756244
3.877016657 -0.332476415 0.837873138
3.863717506 -0.288679724 0.839431737
3.848887079 -0.246402852 0.849598801
3.833758071 -0.205224231 0.869602364
3.82164295 -0.164811079 0.894071966
3.809675595 -0.124755614 0.914296176
3.797363829 -0.085904807 0.928036228
3.785075517 -0.04888804 0.934472224
3.772394764 -0.013460978 0.933588564
3.757253341 0.022224204 0.932491822
3.737895619 0.060026224 0.938909548
3.717103825 0.099670554 0.953035966
3.694665362 0.142314703 0.974396086
3.673188227 0.188077812 1.001930607
3.65311644 0.236700024 1.028959789
3.633228628 0.288058761 1.051038217
3.61401268 0.340956208 1.06854783
3.595176726 0.395677799 1.081171073
3.576509366 0.451284778 1.092236382
3.558226727 0.50718126 1.101268248
3.540289203 0.562394931 1.10588196
3.52254567 0.616211496 1.105170624
3.50448463 0.668727586 1.104302558
3.485192213 0.71999739 1.107670556
3.465257492 0.768852603 1.116303412
3.445267653 0.813928532 1.131026834
3.424009763 0.854886446 1.150257238
3.401025632 0.892808038 1.165871763
3.376164298 0.927459788 1.174828141
3.348671738 0.959985961 1.175911155
3.320454327 0.99023783 1.169435802
3.290079195 1.019254666 1.157763523
3.255970331 1.046824556 1.143870344
3.216861406 1.073133548 1.13657524
3.174325745 1.097410503 1.138389793
3.132036981 1.119809054 1.146369078
3.090604697 1.142445601 1.157800361
3.051029775 1.167907584 1.16392337
3.011836606 1.19714388 1.164050973
2.972935797 1.228486995 1.158596605
2.933948875 1.25912216 1.151129256
2.893709037 1.28815569 1.149513807
2.85310785 1.316177904 1.152723048
2.811746876 1.342966012 1.152074311
2.767881556 1.368678936 1.14533215
2.721172591 1.393690521 1.141090689
2.671850444 1.419791555 1.144089963
2.62041854 1.448769221 1.155583426
2.565778127 1.481370484 1.174355543
2.5102166 1.517660871 1.196314021
2.451799552 1.557553193 1.207475187
2.389716926 1.601521468 1.206598631
2.327334163 1.646512252 1.205040834
2.267267845 1.691107278 1.209357634
2.209620728 1.73470094 1.213198599
2.152725025 1.777044882 1.211826897
2.094911492 1.818725926 1.205197657
2.037158132 1.859827078 1.197686169
1.980802378 1.899919889 1.195796308
1.922642936 1.939695583 1.202917572
1.861389078 1.980021164 1.219192498
1.797838341 2.020575879 1.241473697
1.731452616 2.062290264 1.261664216
1.663472537 2.105850828 1.275638056
1.593408809 2.150919897 1.284686585
1.519900774 2.197889267 1.289257367
1.444294291 2.24617566 1.288423518
1.368289034 2.294483368 1.281605448
1.292094519 2.344156626 1.269748157
1.216376588 2.396372225 1.251249767
1.143237037 2.448342871 1.226727207
1.073083092 2.495744707 1.198844413
1.007354853 2.535273031 1.172340345
0.94283778 2.569841903 1.15154686
0.880282954 2.601405939 1.13962914
0.819320724 2.631729127 1.13505332
0.758301597 2.661488335 1.135591321
0.697100394 2.690420209 1.13397653
0.636174498 2.717990317 1.126058803
0.575389982 2.744316514 1.112478587
0.514290784 2.769518672 1.095770235
0.452255047 2.794941219 1.082888033
0.392556789 2.822092445 1.073223441
0.33745056 2.850378014 1.067733699
0.285587032 2.878869823 1.068876999
0.236300044 2.906428734 1.079451562
0.185991145 2.931851098 1.094476514
0.135427629 2.954746155 1.106607959
0.086059848 2.976998922 1.113688722
0.035587035 2.997820158 1.116220404
-0.014244285 3.01980389 1.111592562
-0.064730444 3.045340093 1.100699589
-0.115507439 3.073152058 1.086122582
-0.167508491 3.103825474 1.077909277
-0.21920396 3.135963434 1.077014173
-0.270708253 3.168235693 1.079779342
-0.322119986 3.201516615 1.07899458
-0.373422109 3.23669463 1.072386678
-0.424717345 3.273507995 1.06081794
-0.475524373 3.313766816 1.044732679
-0.525590748 3.358733123 1.024224601
-0.574004183 3.40615667 0.999569497
-0.619400206 3.454478882 0.97472304
-0.660941887 3.502773221 0.954859981
-0.701028337 3.551013445 0.943390909
-0.739249083 3.59873073 0.939708846
-0.775418211 3.647874753 0.939148533
-0.810545987 3.698548159 0.933392615
-0.844468455 3.749521148 0.922362398
-0.877571746 3.800298261 0.91091293
-0.910453002 3.850859497 0.905010796
-0.941704458 3.90125762 0.908465687
-0.9731519 3.951065391 0.915932144
-1.003521365 4.001426942 0.920005858
-1.032225899 4.052685767 0.918460124
-1.059380949 4.1041341 0.914345352
-1.086057225 4.154224807 0.91597865
-1.113387847 4.203329625 0.925480701
-1.139189259 4.250817905 0.942441932
-1.163858219 4.296637853 0.958386507
-1.186695258 4.340895331 0.967994589
-1.208549955 4.383740791 0.971170711
-1.230385232 4.425600138 0.969162397
-1.252727445 4.465732828 0.96135891
-1.276576804 4.504144259 0.948097785
-1.303597534 4.541816608 0.933207225
-1.335694749 4.578496601 0.924070141
-1.371547035 4.615060728 0.922548474
-1.407190944 4.654401661 0.92718345
-1.439827732 4.696092284 0.937897612
-1.470623118 4.740227063 0.956713879
-1.500465583 4.786589278 0.973262697
-1.528841487 4.833733852 0.983668824
-1.555757452 4.87933196 0.991386352
-1.58079871 4.922597497 1.003418355
-1.605734045 4.965915885 1.018849625
-1.630869546 5.008862569 1.03108133
-1.656125439 5.050507988 1.038181043
-1.681025918 5.089037919 1.040573959
-1.705091786 5.124175342 1.037680058
-1.728544123 5.156467684 1.030386339
-1.751508925 5.185190779 1.017881184
-1.773896362 5.210672706 1.001375781
-1.795758501 5.234793948 0.980431708
-1.816265654 5.259310532 0.953998807
-1.835861431 5.283695634 0.922805906
-1.854826188 5.306361462 0.888310602
-1.873093454 5.326387163 0.859890568
-1.889093522 5.343586815 0.838014603
-1.904039919 5.359223305 0.824083832
-1.91727463 5.372419521 0.818978957
-1.928447373 5.382680241 0.814558363
-1.938393388 5.390704616 0.805006173
-1.948138181 5.396346778 0.793972481
-1.957585018 5.398904515 0.789001276
-1.967178062 5.39776602 0.789826415
-1.980762962 5.394933147 0.799157906
-2.000111727 5.391714835 0.81761675
-2.024850279 5.386713403 0.844765417
-2.054000221 5.380929485 0.879654766
-2.083055235 5.376814499 0.917221232
-2.110519284 5.377933118 0.956627499
-2.134736428 5.384894502 0.998200654
-2.15268005 5.396431277 1.040438843
-2.165082462 5.412480552 1.081453218
-2.172316393 5.432678869 1.115789244
-2.175276113 5.455628532 1.143556087
-2.175244971 5.479147921 1.16597526
-2.172875748 5.50074439 1.182344691
-2.168455641 5.520481317 1.193116306
-2.162330782 5.538114583 1.197262486
-2.153055507 5.554286043 1.195344721
-2.139637292 5.569661501 1.187849806
-2.121199107 5.585352456 1.174817425
-2.097588825 5.602086008 1.156594657
-2.069888407 5.617570021 1.137461118
-2.039198382 5.629871443 1.123982176
-2.006327482 5.638630274 1.118703314
-1.973441381 5.645377992 1.121645192
-1.941482536 5.65047398 1.132017393
-1.911096498 5.654197504 1.150099429
-1.883505378 5.657531592 1.168558075
-1.858536257 5.660513887 1.182063119
-1.835928596 5.663272401 1.190219895
-1.814320395 5.664947819 1.193210183
-1.792217614 5.664081076 1.190822847
-1.767629513 5.661342 1.182979102
-1.739509552 5.658381686 1.168959973
-1.70895563 5.657350862 1.148422142
-1.679987382 5.660478192 1.127170672
-1.654990175 5.667798871 1.107079312
-1.633465781 5.678803334 1.086537215
-1.612323033 5.689843851 1.066355328
-1.591506706 5.699335243 1.051622462
-1.571130969 5.707360714 1.044291063
-1.5527601 5.714224422 1.038755309
-1.537526369 5.72155666 1.028824491
-1.527015927 5.730147267 1.015325154
-1.521150575 5.739477877 1.000313024
-1.517455047 5.746353576 0.986846467
-1.512249124 5.750216591 0.978934113
-1.50374476 5.752515041 0.976551456
-1.490659603 5.756218188 0.973309851
-1.473157812 5.76049681 0.963553752
-1.451863886 5.764587557 0.947900764
-1.429811246 5.767509946 0.927963685
-1.409681174 5.770461157 0.905006243
-1.393673091 5.775678794 0.888433436
-1.383706584 5.785630627 0.881970591
-1.380168026 5.799940319 0.884617203
-1.382297645 5.816623009 0.887239705
-1.389997662 5.836522783 0.885156227
-1.40366626 5.859674788 0.878357396
-1.422415751 5.885545458 0.867204029
-1.44683634 5.91249257 0.858493748
-1.476458754 5.941251883 0.857311756
-1.5091404 5.973743052 0.864710246
-1.542896129 6.009788889 0.876120478
-1.573831721 6.048770297 0.883359331
-1.600502843 6.089982316 0.884331064
-1.620727748 6.134643843 0.877113109
-1.633441547 6.182519033 0.861000815
-1.639217453 6.231552511 0.837339107
-1.641509888 6.280978968 0.808266719
-1.643321821 6.329412893 0.775586837
-1.647124021 6.378079059 0.740286728
-1.655339751 6.427422346 0.708521848
-1.669762442 6.477852692 0.685323534
-1.692232706 6.531851652 0.671440219
-1.723252223 6.590173475 0.668277827
-1.763223835 6.652305569 0.674354943
-1.809107028 6.716596812 0.683035082
-1.85739209 6.778409764 0.686193166
-1.905166165 6.837896465 0.681131816
-1.949281309 6.89492083 0.66798177
-1.988509115 6.949183248 0.648503454
-2.02048621 7.000892876 0.624930824
-2.046265402 7.050957649 0.605444656
-2.066601104 7.098131544 0.594294595
-2.082363489 7.142969447 0.591851187
-2.094742625 7.189408411 0.59501878
-2.103709649 7.238326308 0.595992001
-2.108916593 7.289398824 0.59135049
-2.109730483 7.342401306 0.581010328
-2.106783863 7.395794573 0.564182078
-2.10194269 7.447956685 0.541574204
-2.097708776 7.499936101 0.516461814
-2.096346912 7.554778054 0.494570861
-2.099664361 7.614797775 0.482017789
-2.108244527 7.680560862 0.478603994
-2.121360609 7.752711317 0.47715516
-2.137935913 7.829833694 0.472337435
-2.157883112 7.911879665 0.464704015
-2.181240217 7.99760295 0.454752197
-2.205270158 8.08330708 0.440542963
-2.228012023 8.166854064 0.420662388
-2.248217991 8.247241234 0.401323127
-2.266558796 8.323754811 0.386571628
-2.284414778 8.397884888 0.378855139
-2.303081534 8.470817586 0.378954126
-2.323789322 8.544611289 0.38798292
-2.347867873 8.618902417 0.408576906
-2.372198423 8.694320765 0.435205105
-2.393504562 8.765515282 0.464093843
-2.41124852 8.83419011 0.489739105
-2.423362378 8.901843478 0.508879408
-2.430152441 8.967972405 0.521416224
-2.43364993 9.031813431 0.527845405
-2.436031284 9.093206799 0.529862877
-2.438315719 9.15086121 0.526736359
-2.440867843 9.204256814 0.521893964
-2.443694319 9.25464836 0.522856572
-2.445097249 9.303464175 0.532491658
-2.444433795 9.350460959 0.548218367
-2.441063996 9.395424382 0.569165711
-2.434664753 9.440275421 0.59281883
-2.426642839 9.483263878 0.611147946
-2.418247236 9.523739041 0.622807846
-2.409619366 9.560962358 0.629000623
-2.399563943 9.597138888 0.630257011
-2.385595236 9.633228274 0.626280067
-2.365674572 9.670007686 0.616938399
-2.33884804 9.708157255 0.607556766
-2.305837811 9.743796408 0.603519875
-2.26925098 9.775629301 0.607573233
-2.229593984 9.8011409 0.616617368
-2.18847619 9.819844722 0.630738635
-2.149113211 9.831901697 0.646972693
-2.114445338 9.83670666 0.659532034
-2.08334593 9.834208994 0.665547584
-2.053803624 9.828009271 0.665161758
-2.024416593 9.819882782 0.659263194
-1.995532879 9.810065154 0.64791778
-1.965585237 9.797919375 0.635539152
-1.935221223 9.782247061 0.628866435
-1.90648994 9.760195748 0.629542058
-1.879947491 9.730618065 0.637814541
-1.855493779 9.693687884 0.654486878
-1.833536495 9.653130283 0.67872817
-1.812503411 9.606940692 0.709201931
-1.792424421 9.55593443 0.73768441
-1.773294805 9.502394847 0.753829584
-1.755060983 9.44594501 0.755663475
-1.737799162 9.385572529 0.747597508
-1.72209703 9.325284663 0.733843235
-1.709154062 9.271037434 0.719492328
-1.6979554 9.223118679 0.703979202
-1.688355943 9.178951947 0.692410635
-1.679509774 9.137480458 0.686654716
-1.672106709 9.09668589 0.688845599
-1.66489213 9.055348125 0.696964293
-1.656344932 9.01411036 0.708074267
-1.644793213 8.971929547 0.708610838
-1.631195201 8.928996317 0.694915678
-1.617081453 8.884709064 0.674762082
-1.602744165 8.838434399 0.654056266
-1.585754026 8.790990563 0.639194138
-1.565386805 8.742157029 0.632062874
-1.542862149 8.690327467 0.63396875
-1.519036581 8.637462677 0.642564417
-1.495446975 8.584986371 0.659502281
-1.472878959 8.535200237 0.685171993
-1.450490502 8.488900435 0.71874572
-1.429772163 8.444603646 0.753791376
-1.409144323 8.400038918 0.782743482
-1.387701833 8.354341863 0.804150599
-1.364920858 8.30814189 0.818963928
-1.341152848 8.260668013 0.826071437
-1.315971258 8.211886023 0.825991595
-1.288832023 8.163290914 0.818228471
-1.260146633 8.115783468 0.804027342
-1.229943878 8.071150263 0.784613745
-1.197107274 8.033464776 0.763436808
-1.161072857 8.004540828 0.742771099
-1.123083357 7.981113228 0.728680514
-1.08448734 7.96148422 0.720930793
-1.045674948 7.944530184 0.720218591
-1.006002831 7.930544403 0.721440434
-0.966879413 7.917089459 0.716613218
-0.927573951 7.90364946 0.706277518
-0.889027613 7.891319299 0.698330014
-0.851845875 7.87933386 0.697642393
-0.817061604 7.866614564 0.704575101
-0.784176349 7.855754646 0.716378009
-0.751188204 7.845292464 0.723576464
-0.718644407 7.834964045 0.724284941
-0.686671562 7.824855944 0.718922014
-0.655028472 7.814656975 0.708025649
-0.623816344 7.804680066 0.690983974
-0.59572113 7.796459474 0.669895116
-0.57102844 7.789414033 0.64512602
-0.551537385 7.781353359 0.617247178
-0.538505072 7.770086208 0.585710526
-0.532150594 7.754761863 0.554851648
-0.530658568 7.734284461 0.530600001
-0.53135863 7.70450238 0.512624671
-0.527361454 7.667841426 0.50094354
-0.51555045 7.625971729 0.495508134
-0.495378603 7.579918887 0.496503418
-0.467383452 7.530099183 0.500907631
-0.433834016 7.476791648 0.505951805
-0.397584501 7.42328658 0.50888345
-0.36016546 7.371457401 0.507753166
-0.322012267 7.32110237 0.501582522
-0.283736038 7.271449987 0.490814298
-0.244997878 7.221312108 0.479790726
-0.205933979 7.170262519 0.475551803
-0.167428728 7.11742886 0.480300208
-0.130439333 7.060000587 0.489011953
-0.094164082 6.998827799 0.494476565
-0.059241178 6.934067497 0.493504462
-0.022945147 6.866021364 0.48581091
0.013642639 6.794188281 0.472728815
0.050429381 6.719596001 0.455251676
0.088748371 6.643284316 0.434458316
0.128158884 6.564599024 0.410406059
0.168328742 6.484163882 0.388031534
0.210092529 6.403002854 0.37080733
0.254241208 6.323941825 0.361597526
0.299864666 6.245979803 0.360452339
0.346111892 6.169460121 0.366872778
0.393692932 6.097087923 0.381826211
0.441918795 6.027583895 0.402225249
0.489305313 5.959495967 0.424749136
0.536170386 5.892730207 0.445089553
0.58189411 5.826705571 0.460219756
0.626562865 5.760735436 0.469302804
0.669858523 5.695229025 0.473244981
0.711794866 5.630303675 0.472408277
0.752522521 5.565840888 0.474185581
0.791851025 5.500903479 0.481942324
0.830611322 5.437644387 0.496733059
0.869723085 5.37424921 0.514378266
0.909004641 5.310407121 0.529390311
0.949214776 5.246236141 0.538412352
0.990336881 5.182121746 0.540909408
1.033473304 5.117224512 0.537178404
1.079140342 5.051232894 0.528175404
1.127959772 4.985355006 0.514638441
1.179341713 4.921455858 0.501971498
1.232534324 4.859936218 0.497055232
1.286074324 4.799406383 0.501188005
1.339537797 4.739788 0.512282396
1.391963728 4.680321979 0.522079493
1.443347095 4.620030878 0.52619569
1.492960759 4.559114852 0.524714103
1.540758898 4.498252147 0.517523729
1.586696764 4.436168567 0.504674742
1.630388312 4.37290837 0.487024407
1.670688857 4.308602013 0.463542726
1.706386717 4.243098191 0.433699339
1.740034731 4.177495157 0.399299932
1.773870289 4.115320563 0.368424598
1.809119706 4.061463359 0.346034035
1.846440336 4.016867347 0.334032745
1.885953761 3.980640378 0.329061908
1.926502472 3.949854076 0.331025403
1.964108079 3.920741245 0.337657361
1.994911884 3.893275226 0.34899839
2.018918385 3.866534847 0.366563779
2.038267376 3.840053969 0.388945161
2.054370628 3.813909951 0.405611211
2.067420421 3.787159872 0.409089398
2.077351292 3.757695773 0.403976105
2.084849855 3.727614345 0.4001234
2.089168512 3.696126626 0.403157299
2.09009844 3.663084557 0.410002194
2.088286295 3.627951648 0.411145524
2.084345885 3.592790618 0.40512093
2.079551654 3.56167902 0.3935268
2.074123532 3.537781189 0.380085553
2.068057151 3.520161756 0.363442359
2.06009413 3.505207805 0.339761689
2.050577596 3.492254402 0.309812666
2.039564184 3.480213936 0.273972787
2.026039245 3.468748587 0.231224327
2.010189065 3.456965429 0.183780233
1.991377676 3.443847051 0.138268689
1.968893995 3.429885768 0.099547279
1.946664023 3.415062339 0.069297072
1.92895198 3.398593765 0.040097044
1.918079774 3.379616673 0.007261647
1.918239064 3.358498843 -0.029637513
1.927850478 3.334350496 -0.064522832
1.942675699 3.31219305 -0.090850336
1.959821779 3.297671993 -0.10662093
1.979207324 3.294150699 -0.111170658
2.002375912 3.298579414 -0.107557858
2.027916471 3.307892873 -0.103081659
2.054044165 3.320798223 -0.102529425
2.079164826 3.338744644 -0.107103031
2.099257417 3.361324364 -0.116172453
2.116138025 3.388270078 -0.130158787
2.131455112 3.419782747 -0.147634092
2.144054802 3.456502234 -0.168031472
2.153905188 3.497873946 -0.191455377
2.160415994 3.543777736 -0.217378889
2.159469937 3.594312367 -0.243757361
2.146422621 3.650366675 -0.26345714
2.121366016 3.710223646 -0.274014212
2.088851334 3.771509344 -0.276867303
2.053827629 3.831489572 -0.279068336
2.02056011 3.888281755 -0.287818822
1.987839059 3.941232675 -0.301345558
1.953657669 3.9904761 -0.318878951
1.919187026 4.036551255 -0.340977974
1.88521348 4.078760346 -0.365703253
1.852771096 4.117214766 -0.386120818
1.82350416 4.151420855 -0.400660644
1.796333558 4.182584226 -0.40809823
1.7715464 4.211050557 -0.410909976
1.750154727 4.242282347 -0.408558502
1.732624419 4.2772211 -0.403645702
1.719177867 4.314988543 -0.403599973
1.70850334 4.3559878 -0.408345041
1.699149179 4.400561935 -0.416442159
1.690718105 4.447680188 -0.429708864
1.679640378 4.496002982 -0.443410655
1.663910152 4.544812823 -0.451596249
1.644300777 4.593919586 -0.453044706
1.622532959 4.641607106 -0.449003026
1.599672791 4.688828508 -0.437349428
1.575405226 4.732084105 -0.420802533
1.552939723 4.773080525 -0.410675315
1.533007118 4.814276184 -0.4089144
1.515374218 4.857565405 -0.412547003
1.499818194 4.903747648 -0.419392795
1.485687222 4.953275534 -0.429027474
1.472395654 5.007122999 -0.43804783
1.460146649 5.066934622 -0.438325388
1.447160728 5.127810611 -0.4330201
1.431889696 5.190979236 -0.427835536
1.412798673 5.255382649 -0.42675421
1.390808301 5.319979919 -0.43164333
1.366679429 5.383890912 -0.441992326
1.342939624 5.445019329 -0.459053736
1.319687683 5.503339771 -0.482531173
1.295749163 5.557978127 -0.506314495
1.270424433 5.60836938 -0.524046743
1.243005955 5.654014988 -0.53900498
1.214202852 5.699243931 -0.551741828
1.185263838 5.745134314 -0.568718596
1.158413523 5.791945584 -0.590671097
1.135697787 5.839523291 -0.618740322
1.117304449 5.888711721 -0.645958706
1.102929225 5.940011982 -0.666459681
1.090690164 5.990496318 -0.680338784
1.078910041 6.042250436 -0.689947966
1.066086041 6.095368652 -0.692664771
1.0513896 6.152355447 -0.686240814
1.032505464 6.213002911 -0.67199055
1.010335966 6.27649063 -0.656053717
0.986146305 6.340893102 -0.644924448
0.960487017 6.406755039 -0.638637421
0.933225432 6.475921256 -0.630912033
0.904197878 6.546180318 -0.618131461
0.873962124 6.618452902 -0.60003771
0.844087255 6.694955884 -0.584902378
0.813472125 6.774763059 -0.584237823
0.781596519 6.85620041 -0.595668693
0.748093657 6.938036986 -0.614207997
0.713101338 7.017755072 -0.638523983
0.676738997 7.095172969 -0.661303157
0.638544817 7.173185555 -0.676102623
0.59844577 7.251239307 -0.683681903
0.555850865 7.328151436 -0.686003598
0.51136995 7.405180184 -0.692320904
0.464643323 7.481868636 -0.704372647
0.415745734 7.55693384 -0.717870584
0.364708574 7.631631427 -0.726097226
0.311705581 7.70579909 -0.725610627
0.257956487 7.777143827 -0.715806874
0.206861954 7.844971032 -0.699462744
0.160224005 7.909093885 -0.685721024
0.119070115 7.970366551 -0.681324745
0.081514455 8.02914689 -0.684114313
0.043407336 8.087515264 -0.69109803
0.001627718 8.144599167 -0.70157969
-0.042735357 8.197465745 -0.716262539
-0.08592845 8.244268431 -0.72841428
-0.124667044 8.285277395 -0.733877527
-0.158908281 8.32181511 -0.732109874
-0.190624583 8.354570344 -0.722831862
-0.221081559 8.384596065 -0.707388547
-0.25057719 8.413054136 -0.69195268
-0.279298318 8.440312918 -0.682667758
-0.308308109 8.467264788 -0.681383767
-0.337477202 8.492955378 -0.687277443
-0.366745273 8.516492101 -0.700687535
-0.396206129 8.537178455 -0.719051167
-0.424722872 8.554957799 -0.740195931
-0.450757939 8.570103412 -0.756881632
-0.473471026 8.586688737 -0.766097889
-0.493264965 8.605835418 -0.765947626
-0.509673786 8.62393068 -0.756655878
-0.522913169 8.643271927 -0.740374975
-0.534127265 8.663117722 -0.723782781
-0.545325557 8.684682628 -0.711638709
-0.556285196 8.707983543 -0.702787444
-0.567527832 8.731820013 -0.697602451
-0.57905931 8.756658794 -0.697544593
-0.591374586 8.782169729 -0.70281596
-0.604569726 8.807320662 -0.714110635
-0.61894618 8.833187409 -0.730855403
-0.634127141 8.859278076 -0.753429462
-0.651586823 8.884208158 -0.781119385
-0.672516584 8.90733844 -0.812297931
-0.695927317 8.928111527 -0.840211664
-0.719532926 8.947362169 -0.861523668
-0.744289871 8.966932613 -0.873218276
-0.767994888 8.983204894 -0.878090612
-0.791655365 8.998427154 -0.875805349
-0.815989591 9.014624242 -0.867853708
-0.840490875 9.030934483 -0.861955893
-0.866328237 9.046127595 -0.860777382
-0.895888039 9.060735439 -0.863173527
-0.929329097 9.071874719 -0.869518217
-0.966553122 9.078673685 -0.879995885
-1.007385808 9.080439439 -0.893980528
-1.049797222 9.077315125 -0.912227434
-1.092965893 9.070808462 -0.932680507
-1.136491938 9.062070213 -0.948812462
-1.179582605 9.050961562 -0.958711614
-1.220656132 9.038041213 -0.963069269
-1.260953087 9.026484462 -0.960473571
-1.299683666 9.014804391 -0.948688461
-1.336068004 9.002107097 -0.929959244
-1.37162259 8.988483338 -0.90392287
-1.40642414 8.974582737 -0.871133946
-1.439378592 8.959681342 -0.838401762
-1.471287662 8.943466033 -0.811425012
-1.502518729 8.925736227 -0.790759973
-1.532329298 8.906572091 -0.773406399
-1.561133312 8.886475159 -0.752186105
-1.588392028 8.864409068 -0.725320911
-1.614910808 8.840766497 -0.692222637
-1.640368793 8.816088922 -0.653493147
-1.664549552 8.789264907 -0.614002003
-1.687995652 8.759981603 -0.579541866
-1.711291258 8.726438553 -0.551306771
-1.734413005 8.687326506 -0.529011954
-1.756961664 8.64413541 -0.510871763
-1.776685373 8.598384058 -0.498629095
-1.792348462 8.550176668 -0.492750696
-1.804441188 8.500157325 -0.491144909
-1.814503165 8.450246864 -0.493137977
-1.820871788 8.400899372 -0.495752471
-1.822964761 8.351668235 -0.494593685
-1.826043479 8.30177401 -0.485440292
-1.826084183 8.249792603 -0.469449706
-1.824625362 8.196759335 -0.446032565
-1.821438009 8.142069632 -0.416540828
-1.816030076 8.085990117 -0.382479682
-1.808454868 8.029113799 -0.351756553
-1.798693497 7.970822149 -0.328164273
-1.787774504 7.910476958 -0.310538769
-1.775116394 7.848502145 -0.298413195
-1.760394466 7.782717443 -0.290912398
-1.743675461 7.712336131 -0.28873337
-1.724804529 7.636351471 -0.290124847
-1.702526888 7.553378179 -0.287566341
-1.675660779 7.463933243 -0.278894961
-1.645168659 7.370986637 -0.26370151
-1.611829193 7.276035961 -0.242164361
-1.577418756 7.179117532 -0.216306826
-1.545563459 7.079664864 -0.183875109
-1.522164753 6.97789521 -0.140661946
-1.511078769 6.875425282 -0.084064415
-1.505984612 6.772548283 -0.024215478
-1.501068654 6.673702472 0.026021576
-1.494050942 6.579771141 0.066139322
-1.485148135 6.487333272 0.09961168
-1.474069003 6.39350654 0.127311132
-1.460780787 6.299253748 0.148132318
-1.445676055 6.204940629 0.162307389
-1.427636069 6.110419488 0.171283042
-1.407294958 6.021357772 0.173918092
-1.384465036 5.941058834 0.168051934
-1.358141404 5.867106348 0.157015332
-1.328035835 5.795069845 0.151589163
-1.294274485 5.723710088 0.15447292
-1.2576653 5.655676498 0.160660089
-1.217776751 5.591135455 0.161640079
-1.174801369 5.527546205 0.15670215
-1.12914611 5.465176964 0.147299746
-1.080666011 5.403457037 0.141470798
-1.029554382 5.341688492 0.144252252
-0.973323277 5.280403596 0.152819819
-0.914576181 5.218818255 0.153617968
-0.853595615 5.156526223 0.138026105
-0.78948175 5.093477038 0.109283024
-0.722852058 5.029232382 0.073159349
-0.653277143 4.964596734 0.033750196
-0.579829172 4.900703301 -0.00370018
-0.501683571 4.837417706 -0.032838583
-0.420285569 4.774926009 -0.053705677
-0.335907444 4.713594528 -0.066198497
-0.250053086 4.652912249 -0.072330806
-0.161087161 4.592219184 -0.07499483
-0.070418296 4.529816808 -0.080316922
0.023111927 4.464534862 -0.081391291
0.117508389 4.397131419 -0.074535383
0.215253644 4.328704638 -0.061723792
0.31485693 4.261296369 -0.044425323
0.415007414 4.195004913 -0.020555605
0.511936171 4.128890676 0.009141446
0.604881114 4.063510457 0.03634164
0.693868348 3.998379598 0.057573293
0.778529009 3.933025126 0.072924084
0.859050352 3.867572784 0.083113978
0.934955912 3.802550036 0.087617741
1.005669977 3.73701429 0.08797748
1.073497789 3.671510987 0.083546102
1.140989055 3.605795734 0.07726185
1.209699806 3.54042402 0.070236087
1.27893232 3.475097064 0.062623263
1.345991345 3.409278008 0.057361987
1.409567165 3.343487126 0.056236363
1.468185206 3.277280909 0.063239133
1.520324303 3.210911719 0.075680338
1.56444172 3.143558013 0.085325394
1.598775968 3.076353177 0.091394722
1.623587895 3.009938398 0.092963051
1.641683102 2.94678456 0.0889721
1.655890597 2.890704912 0.079435279
1.667491969 2.84363548 0.064252163
1.676356027 2.80524292 0.043211494
1.682840635 2.774676917 0.018172275
1.688282945 2.749313883 -0.011042498
1.694215521 2.72660099 -0.042223025
1.702580864 2.706354375 -0.071441403
1.712260691 2.689180243 -0.093605222
1.726016151 2.675060653 -0.109198705
1.743387077 2.662527465 -0.118520236
1.76113566 2.653472459 -0.12171792
1.775558837 2.648082995 -0.115497836
1.788226753 2.645100224 -0.101820091
1.79909259 2.644125375 -0.081602059
1.810786574 2.643890231 -0.062487298
1.822547689 2.643677182 -0.049339058
1.834309835 2.644249704 -0.043147041
1.845037827 2.646546348 -0.044203422
1.854704409 2.649096187 -0.050202217
1.863706578 2.651759945 -0.061719099
1.871814133 2.654558209 -0.078222282
1.8781761 2.656696247 -0.099187101
1.883238884 2.658242856 -0.123903547
1.887142995 2.658860223 -0.151308995
1.891015221 2.658811127 -0.177850944
1.895341921 2.658047485 -0.197519679
1.901235326 2.655451948 -0.208763257
1.909368624 2.651957822 -0.213667298
1.917035047 2.650196632 -0.215680991
1.923477415 2.651574033 -0.221286907
1.927119303 2.655037417 -0.232359177
1.930413999 2.658910532 -0.248313945
1.933593736 2.663042944 -0.26954438
1.935795353 2.666964451 -0.294323183
1.939848518 2.669118548 -0.317349954
1.944910545 2.669772078 -0.33288588
1.949077127 2.670374858 -0.340036552
1.952353304 2.673888257 -0.339856065
1.952637557 2.68256239 -0.334849121
1.951731996 2.693751184 -0.332248622
1.950243224 2.704815117 -0.334339848
1.949101058 2.714498199 -0.343594971
1.948943127 2.721880062 -0.357561572
1.948327159 2.728189183 -0.367127832
1.946331063 2.73358518 -0.368237391
1.941278573 2.739858334 -0.361124608
1.93177239 2.74913216 -0.351638349
1.919609373 2.76011153 -0.345216876
1.906330077 2.772696636 -0.342170862
1.894929407 2.787252601 -0.344429026
1.888230702 2.805600001 -0.352906495
1.887845233 2.82715569 -0.366919451
1.893766868 2.851975879 -0.386374313
1.903746573 2.876865558 -0.411398741
1.9152048 2.90054304 -0.441608678
1.926450314 2.922609866 -0.477311469
1.937939243 2.943636514 -0.512336968
1.94937927 2.96678277 -0.538076091
1.960441626 2.993610381 -0.553601698
1.972008632 3.023294291 -0.560883697
1.983831836 3.056602596 -0.564537773
1.995870602 3.092223276 -0.571622938
2.008170449 3.129149138 -0.583219975
2.02153281 3.165972303 -0.59998636
2.036439427 3.203243453 -0.62237449
2.053107175 3.240090153 -0.649363127
2.072091176 3.278338029 -0.677683762
2.094625337 3.317361867 -0.699969358
2.118918185 3.357349017 -0.714516957
2.144312876 3.397605496 -0.721860563
2.171096423 3.436257572 -0.723222764
2.196700187 3.474964241 -0.716485593
2.220207547 3.513932817 -0.707479577
2.24049064 3.554910149 -0.702548106
2.256915831 3.59960161 -0.703176381
2.268352969 3.648890566 -0.708356425
2.274788699 3.70398539 -0.716256452
2.277168556 3.762635104 -0.728024337
2.278031206 3.820616249 -0.747943638
2.277474272 3.875835952 -0.774002604
2.275771265 3.928690511 -0.799404432
2.270401232 3.983294663 -0.818177069
2.262511776 4.038654525 -0.828612878
2.250344388 4.097318775 -0.830934976
2.234703751 4.159362107 -0.828351259
2.21375237 4.225954052 -0.819191523
2.187746454 4.296058786 -0.80710817
2.158973544 4.366225675 -0.801048576
2.128234523 4.435849879 -0.801154476
2.09481255 4.504584762 -0.8069662
2.059464381 4.572220828 -0.817304828
2.023059549 4.638116682 -0.832935256
1.986620618 4.701334743 -0.853612897
1.951880931 4.759969261 -0.876145686
1.919508289 4.817064502 -0.894328102
1.889715845 4.871934163 -0.906196895
1.859665302 4.925808385 -0.909841936
1.828674174 4.977656433 -0.910698645
1.795203446 5.027701597 -0.914512094
1.76053378 5.076026139 -0.922546946
1.726710466 5.12393219 -0.933399757
1.697595135 5.171852896 -0.950328433
1.673555571 5.2196492 -0.971448784
1.652000337 5.267515775 -0.988616929
1.629650599 5.314267369 -0.996520697
1.605046716 5.360195205 -0.996583735
1.576596497 5.406799199 -0.988000235
1.543870582 5.454866963 -0.978728959
1.50649669 5.506632901 -0.973279234
1.464190541 5.563489428 -0.971146297
1.417869211 5.626663546 -0.973020697
1.369958349 5.696599385 -0.976346013
1.323013332 5.771422769 -0.974413544
1.277737992 5.849723369 -0.967913145
1.23456206 5.929306052 -0.958415131
1.194348627 6.009557639 -0.9496197
1.155715435 6.091553143 -0.945518898
1.116155826 6.175536199 -0.946463965
1.076273451 6.260283145 -0.95347133
1.037096877 6.345666995 -0.966205459
0.997798511 6.430823985 -0.98377531
0.958622594 6.514570235 -1.004737463
0.919130677 6.596157761 -1.023800558
0.87915799 6.674748179 -1.037308194
0.83697993 6.752289482 -1.042540034
0.791777179 6.829662395 -1.038782324
0.744055965 6.906006186 -1.028930265
0.692463823 6.983265212 -1.012744157
0.637552499 7.062523366 -0.99599991
0.579786441 7.144016603 -0.984591285
0.519243827 7.226595108 -0.98123011
0.456699444 7.310139854 -0.986128625
0.392067629 7.392210872 -0.996894864
0.325268235 7.472471556 -1.007887374
0.256713847 7.550244506 -1.012585327
0.186358161 7.62635117 -1.011376623
0.116289522 7.699828511 -1.005579581
0.047741064 7.770190744 -0.99518713
-0.019724042 7.839830108 -0.98647982
-0.087504422 7.908264598 -0.988220479
-0.156092008 7.975319255 -1.002608822
-0.22647229 8.040074445 -1.01789737
-0.299056356 8.102737148 -1.026351935
-0.3733547 8.162158114 -1.027769875
-0.450063615 8.217760889 -1.021673252
-0.529487638 8.269080225 -1.009660329
-0.611521894 8.316770932 -0.997332577
-0.692519512 8.356064481 -0.99395689
-0.771279435 8.384604168 -1.000418427
-0.84868676 8.403274544 -1.013948687
-0.925939099 8.415302492 -1.030511859
-1.005370956 8.422513718 -1.048207913
-1.086920139 8.426737588 -1.062788677
-1.167429054 8.427610704 -1.069213681
-1.246537185 8.427519981 -1.066264997
-1.323817119 8.428858356 -1.054083194
-1.39744458 8.430974761 -1.032905871
-1.467440016 8.434087732 -1.003521261
-1.534028527 8.43583157 -0.971569004
-1.598293605 8.43655887 -0.943586684
-1.660220245 8.436055645 -0.922797551
-1.720767836 8.433419892 -0.907726494
-1.779544087 8.428300505 -0.897403996
-1.835789332 8.41883782 -0.891534495
-1.889304287 8.404032127 -0.887992722
-1.939971693 8.383344787 -0.879609373
-1.987280662 8.357301115 -0.863510945
-2.031269387 8.327732745 -0.844442008
-2.070697523 8.296409734 -0.829298087
-2.105274642 8.265765902 -0.819173956
-2.134360573 8.236929972 -0.811034918
-2.15621835 8.209582409 -0.799484167
-2.168283227 8.179951241 -0.780653579
-2.170550797 8.146874775 -0.757318602
-2.16463628 8.111590177 -0.736490551
-2.150684523 8.073420504 -0.720680306
-2.128001269 8.032220303 -0.709996512
-2.095565072 7.987431238 -0.704059258
-2.052288924 7.938235391 -0.702491212
-1.998497691 7.885341285 -0.702617
-1.934520029 7.829949714 -0.70033738
-1.863229158 7.770815848 -0.68984374
-1.788050506 7.708979785 -0.670631727
-1.710868242 7.646817143 -0.647628154
-1.633552722 7.584581923 -0.628736451
-1.557546753 7.521720966 -0.615345214
-1.483281261 7.459554022 -0.606595894
-1.40946603 7.396592604 -0.60097192
-1.335147507 7.331530096 -0.591630187
-1.259536526 7.263607205 -0.576827221
-1.183056212 7.192912638 -0.555606698
-1.107214008 7.11968723 -0.531064532
-1.032979741 7.044084965 -0.510372622
-0.959661056 6.967745988 -0.495441763
-0.887229762 6.892363171 -0.486932531
-0.817315708 6.816261271 -0.485170594
-0.750054455 6.740535729 -0.48971416
-0.685028586 6.667312217 -0.498217249
-0.622423486 6.595141567 -0.511225123
-0.562679721 6.525145023 -0.523238665
-0.503338098 6.452271244 -0.530316531
-0.44582759 6.379473604 -0.529290042
-0.391403634 6.307970684 -0.518206238
-0.341057294 6.239190765 -0.499503487
-0.292090597 6.171153964 -0.474843897
-0.243094758 6.106508996 -0.446823886
-0.192788035 6.045642986 -0.422315588
-0.14055411 5.988323277 -0.405143595
-0.087085114 5.933353814 -0.393765737
-0.033657548 5.878523492 -0.387233663
0.019610598 5.822852688 -0.385108407
0.072162777 5.766566687 -0.386451442
0.123096878 5.710775186 -0.383325277
0.171830489 5.656565979 -0.372292212
0.218096484 5.603212629 -0.35594717
0.261336027 5.550921608 -0.342021863
0.301016886 5.50000935 -0.334178953
0.336743864 5.449859029 -0.331181328
0.368827388 5.398865996 -0.330380868
0.398610751 5.345281214 -0.326188648
