x y z
4.615511725063885 -1.7656550533794497 0.6925994271861949
4.6243465693820065 -1.7766554228184117 0.6330970366666647
4.627879078287653 -1.7722031528742916 0.6847923189166618
4.625891684137633 -1.7591777921891272 0.8163112490887665
4.617868063505621 -1.7568209330149818 0.9604106561913459
4.6161033599078 -1.756384298901588 1.031778217511542
4.612284262047496 -1.7563332455771565 1.011694068545278
4.600137565077873 -1.7532150935132773 0.9067891955117952
4.59454332031073 -1.7527100455503706 0.7753346974233354
4.592076211494094 -1.7562749230633594 0.6692646949738088
4.587849316828185 -1.7632110356444737 0.6011771672937561
4.58435474514328 -1.7641105589706927 0.580350701013824
4.5802786148684875 -1.765195893424887 0.5690363723857902
4.578268173023487 -1.7653758339152168 0.55648900487693
4.5801883749051875 -1.7635724121812961 0.5538035846965907
4.583831210908548 -1.7621583160446606 0.5533354190100138
4.588165137868139 -1.7601752239576396 0.5544881148500518
4.588858132447484 -1.7582713644621033 0.553204118286009
4.589118713969304 -1.7607436916140649 0.5544722417352121
4.588795411705889 -1.761171352852895 0.5545264113258821
4.588051759972476 -1.76104542780907 0.5551233711662872
4.5878882197112745 -1.7609657438252393 0.5549178143454945
4.588036786484974 -1.76109503245941 0.5548671998137449
4.587845729716896 -1.7609437425652987 0.5548305599056358
4.587885083836633 -1.7610440933666307 0.5548795082525744
4.588017291548644 -1.7610629088216379 0.5549097903782966
4.588068114097388 -1.7610023719456729 0.5549553694996617
4.58789406248088 -1.7609472674216529 0.5549161237638526
4.5879317976266565 -1.760891064457646 0.55488539169302
4.587869113899017 -1.7609631707316624 0.5548279210822652
4.588166620442308 -1.760944723108372 0.5550087168657356
4.587821026230666 -1.761025797446745 0.5546793693218007
4.587941582660732 -1.7610007700072214 0.554796297591427
4.58774468226518 -1.7610740252594055 0.5548386153417013
4.587990722648292 -1.7609014448742495 0.5548567720580152
4.588015489853409 -1.760913373085371 0.5548439204729525
4.588026252145693 -1.7609965737439768 0.5548053946038769
4.5879610996753595 -1.761015997478391 0.5546953542783835
4.587686541321457 -1.7609320352943059 0.5546701898942545
4.587954916946591 -1.7609789335522663 0.5547566179216061
4.5878282947868945 -1.7611350337054885 0.5547259002050422
4.58780982204624 -1.7610115989074977 0.5546830395751254
4.587765890215953 -1.7610260376986535 0.5546953086066218
4.58771771873205 -1.7610766764745662 0.5546519097821438
4.58791322858777 -1.7609203343150348 0.5547566691267589
4.58789316350107 -1.7609105476540188 0.5547872392006972
4.5879664421683035 -1.7612080861087134 0.5548017780292149
4.58799485453796 -1.7612318327376675 0.5549496483794127
4.587855090409409 -1.7611427020024895 0.554833279332915
4.587709931270632 -1.7608237483234537 0.554730246259723
4.587657907722726 -1.7607500008808075 0.554655439197636
4.588169961044138 -1.761193249669261 0.5549318581476183
4.587875249841407 -1.7609982855800155 0.5546682289346968
4.587833380030258 -1.7610429998996584 0.5547110227266665
4.587787510306243 -1.7609505494997901 0.5547542475729086
4.588037542844672 -1.7611418315503597 0.554793707373937
4.587868804884089 -1.760737758695215 0.5547391294690571
4.587811873922654 -1.7607628507407949 0.5548797622465863
4.587849138120927 -1.7608777063159629 0.5546793779594829
4.587827373769376 -1.7610878243387746 0.554795046773406
4.587910044428379 -1.7609864100796897 0.554726009877139
4.587742958903557 -1.7607425446188054 0.5546138672975758
4.587765968706599 -1.7607787254905096 0.5548711655536943
4.587804796075832 -1.7607464940837767 0.5547192129757192
4.587648300839122 -1.7605868936517344 0.5545712120174522
4.587617747838381 -1.7607191048337048 0.5547376485107167
4.587827373864836 -1.7608488589683435 0.5547124169474626
4.587803151699584 -1.7607059756874397 0.5547630033361904
4.587764391510105 -1.7606196589469698 0.5548277547588213
4.5877661535804375 -1.760849209189307 0.5549060142351236
4.587966251773943 -1.7608752511383892 0.5549027821142474
4.58790727491077 -1.760793710468495 0.5548068256438146
4.587927407093515 -1.7609771180835738 0.5547035452202091
4.58849265852638 -1.7614627495474504 0.5549499541468219
4.588471188403939 -1.7614262640880287 0.5548433446726955
4.588890976399226 -1.7614005105372221 0.5548201591884439
4.58905814400725 -1.761515667773975 0.5549254757125808
4.5897687449275635 -1.7616961089656007 0.5543020571295443
4.590274543354991 -1.7617771531341244 0.5549825057669364
4.592681910850062 -1.762215964311792 0.5537225339662513
4.5960718307253 -1.7608577258987388 0.5535608080857705
4.602749511006331 -1.7512226744151382 0.5550707004609791
4.608572283992577 -1.7285346297974427 0.5689051827207582
4.599626328027265 -1.6963117484991532 0.6021955454360151
4.575112705507381 -1.6598612375481592 0.6462254537983483
4.5461777074387095 -1.6211674913952165 0.6881552375304378
4.512348327186578 -1.5808216701716487 0.7232299379254171
4.477970167461099 -1.5430782605486553 0.7567330079407393
4.44248037490656 -1.5054023076024938 0.7838097642092341
4.410967351441616 -1.4725784239874573 0.801827426137592
4.386707175187224 -1.4471710982114407 0.8273520514322134
4.36815036531806 -1.4277505051278694 0.8724322246245766
4.353670292093146 -1.3967565967509554 0.9172869619437186
4.338742320812908 -1.36989567706292 0.9537250051096369
4.319757612742221 -1.3389395270364588 0.9767686923253287
4.307234789601756 -1.3111992856812278 1.0017696475621454
4.288928077506381 -1.2807729700550596 1.034128439132418
4.265220764105828 -1.251258945758234 1.0500750859819399
4.24043631570991 -1.2135971166950819 1.0538499826100798
4.223393333379276 -1.1769392413847268 1.0439926131525352
4.1949790325788845 -1.1373055473558724 1.0429248355940535
4.172009584132097 -1.0972239317331156 1.0592043057723035
4.159470162180964 -1.0539935547587533 1.0707377136321998
4.1380394298891385 -1.0105108763003035 1.0743456032939176
4.124375409925004 -0.9703008632122049 1.0796335041986334
4.110935608622341 -0.9296097780750442 1.091184144354156
4.090731682127368 -0.8921769378818236 1.112376922076858
4.066327525362404 -0.8535894701238862 1.1398178115272912
4.056353544056108 -0.824837617577298 1.1546008218405184
4.032794317124587 -0.7947946047766088 1.1465646892963488
4.01360062247861 -0.7577664864709583 1.1286767606740846
3.987778059116036 -0.7097035919721424 1.1028313768916371
3.968701432571817 -0.6533865674486341 1.0874337579823345
3.940732972042264 -0.590494692254443 1.066833823379935
3.907420754925521 -0.5248788917541882 1.050164491111996
3.853177912529912 -0.466277721046652 1.0536603253147356
3.7999494790447024 -0.3993792582856803 1.0725506612539966
3.730286596234862 -0.3339716779978885 1.100091796694921
3.6793277540999316 -0.2650999617062364 1.1150940651519525
3.6141141187150523 -0.19978228301673107 1.1238525884079111
3.5652465077431263 -0.1336295499594271 1.1122736670090523
3.528872240219995 -0.06359820147215833 1.0821775363385961
3.5109698083012644 0.017240054159600948 1.0591220635066312
3.492333104656675 0.1178943551257472 1.0269253962474036
3.48851062635799 0.20193365641099836 1.0029187601562204
3.5085132850611807 0.3053162732725774 0.9746419083828544
3.519157086693375 0.39771578910402017 0.9443280698759549
3.54604402407261 0.48775977775627544 0.9024937174926995
3.5616730940247097 0.5750095781371471 0.8503734912439623
3.6207628575867314 0.6857347008064023 0.7708957707558199
3.6695123642454512 0.7934296746477916 0.7317064018239315
3.7098286319477745 0.8998346704878086 0.7135849937010414
3.7684091637014 1.016652040558395 0.7070411660651847
3.842137303297167 1.1477223522516895 0.7097627461377911
3.9300948268784524 1.284627117225487 0.7199112081623051
4.023996479390322 1.430165385353531 0.7181290250269963
4.1379300529983984 1.5725082715270453 0.7280693715185378
4.235697819759509 1.7011376263134128 0.7546135879494694
4.359895809145808 1.8124529354339436 0.755010189496335
4.475267032196272 1.9258790548845388 0.7625478047613696
4.607556299600717 2.055581584420248 0.7362574694451905
4.743814104008886 2.163096321171453 0.719742660081945
4.893346017723238 2.2762955626345405 0.7235878691787063
5.034606893484702 2.3818086772632854 0.720580099771523
5.194450647670718 2.4920926855491206 0.6968839988208658
5.360618295986519 2.599239463114585 0.668126841258461
5.531769477332805 2.716636358715862 0.6477917226482475
5.697079759549343 2.8265455168109717 0.6396486238543082
5.860560160059501 2.946252008599847 0.6232832362578962
6.0412078335956245 3.070127433203464 0.6144124190930542
6.2030528784869965 3.1920344567207244 0.581489055011856
6.383539746422726 3.299250279127928 0.5544931601043199
6.554936431507593 3.413968957629993 0.5090701608442803
6.715439064956129 3.5215113836580296 0.4665583590832104
6.87458858493071 3.6332521694126787 0.4416167581076425
7.011468010477532 3.7624946489282123 0.4494364324492605
7.171105903651458 3.8826693530834215 0.47699613125041
7.337854119692723 4.000642031970292 0.516029849741116
7.517157299962793 4.114806956976988 0.5682937044363491
7.718415610297429 4.223030744976347 0.621018620345554
7.9238144856489585 4.323904634778298 0.660017838018321
8.11553453128214 4.415628072046925 0.7033154732271196
8.306495260231394 4.481950739188516 0.7152499808331113
8.47300876130829 4.521037160001653 0.7156039538564605
8.657164035575708 4.532361533226377 0.6971291508167607
8.821829660139048 4.514842436323766 0.6779528627519542
8.995988548003634 4.493518597354086 0.688625752931875
9.169582925797329 4.453857273326495 0.6942435623218643
9.350069917042182 4.38029987083948 0.676386439377592
9.516146269301483 4.287524673089816 0.6570080486502449
9.665548347018634 4.16999819605021 0.613542648985807
9.791574497148275 4.048940221428229 0.5752434359534089
9.899594953571889 3.909412996414592 0.5515728139966911
9.995314043910906 3.750037389135159 0.5363599682714428
10.099412015618768 3.567327488543081 0.5405146025992689
10.214683461358563 3.380816087706948 0.570443185574251
10.335112960197002 3.155970023909862 0.6178439129073601
10.458526638433003 2.9227813106337153 0.6610534428830971
10.582207838330387 2.680244662797707 0.6912195123420062
10.70662527449791 2.4129498134949503 0.7106658230088728
10.846054367558583 2.1450625384426405 0.7093393209475903
10.976905503290702 1.8728591291755579 0.7077806002732827
11.112141176438556 1.5906584027750035 0.6971327337179822
11.238132598805237 1.3143579541969275 0.6756382273996258
11.357332009030767 1.023780004151181 0.6686649328730678
11.45530991449253 0.7612482654855621 0.6924109860087386
11.559495555132614 0.5037260833471091 0.7165890914029903
11.663653859094058 0.26017340626935503 0.7269910918164717
11.758715101601414 0.041862984223636435 0.7219264340742033
11.844137546263454 -0.1520993291867092 0.689891395214733
11.925629633751644 -0.3004571417048425 0.6378301781580787
11.992604635356852 -0.4338465597535015 0.6068049017490292
12.023688833621511 -0.535181041103179 0.5829672903961537
12.026391915503172 -0.6198802709784474 0.552074047168115
12.023434746990063 -0.6813232228863508 0.5231816667634301
11.99986135173055 -0.7019152244296702 0.49588097463843184
11.951441525232301 -0.6724341778607177 0.4923921506537937
11.860511004141676 -0.5879473141899372 0.49875066635862475
11.741073549154681 -0.4574435798373191 0.4981187822011276
11.606262280047911 -0.2964109756469313 0.49190696895644437
11.475399375542247 -0.13821453916857496 0.4646080099317687
11.341323979544363 0.028922515677773264 0.439748091886937
11.218962924106783 0.20424898092312027 0.42655374261412216
11.111404313866576 0.38031846183723905 0.3923310343433136
11.00464832997023 0.5608389004001415 0.32517266866315986
10.896915375090343 0.7475988802172706 0.246769726864072
10.787538726663492 0.9238996552939276 0.1730883504925807
10.668094928645818 1.1154836513022284 0.12506806472075732
10.552742681545997 1.3065884252456121 0.07704142574206019
10.437393956056177 1.4883438725563476 0.022673883872243783
10.312900665467748 1.7088554857148148 -0.008054006766106458
10.172454051654675 1.9145535803818894 -0.0005523837737260173
10.019475428421545 2.141424953285856 -0.018343771862241676
9.854971267973255 2.3675542570044477 -0.013186315176447638
9.675642055914963 2.5930950879922485 -0.01847199817359446
9.478921191374202 2.807676253469286 -0.043392048394096494
9.235830775238586 3.0249264846354262 -0.07583863879487207
9.003607010058921 3.2317705917178645 -0.13499310622578942
8.715087142548557 3.435981632753211 -0.1871954561672713
8.444724844816434 3.614566649562446 -0.24725329107711513
8.150433001863671 3.758528537404041 -0.31215389566199414
7.86795646311171 3.8625891191798316 -0.3485221831335419
7.5808382889569135 3.939062415333726 -0.3838213656601416
7.34227534162588 3.9739008308524135 -0.38877420952372554
7.097407464542094 3.9849043443316936 -0.38694459344980114
6.851546554274001 3.979951471205576 -0.37342864307134727
6.62781035201705 3.931591503281964 -0.355393802053406
6.387695633633021 3.878588206332909 -0.3587880529035259
6.144752141505469 3.788467038587324 -0.37200471860753503
5.916511092405151 3.6554168813441117 -0.37987104689392426
5.679092974283968 3.5050635100484313 -0.38046599294598227
5.461130823708635 3.340675579764523 -0.3766026587495297
5.252823048132352 3.161940358974068 -0.3409304389298453
5.073687828070935 2.9832886614314327 -0.29998688712885335
4.929399919447745 2.8135689551613585 -0.2686270572967355
4.8141325821167955 2.64848027025582 -0.24395432705343556
4.7169988347122755 2.5223677357165584 -0.2631627289759433
4.650689845802627 2.432662264511324 -0.29251923296761173
4.612749754268752 2.372544053173312 -0.32051604987848403
4.592464459830666 2.3292551509409916 -0.36522047269507407
4.616178753521845 2.294978758388337 -0.418813471157904
4.68082838908165 2.274229679021119 -0.46543961406319323
4.781874282002327 2.2807354030275016 -0.4764788048794327
4.912169037832606 2.3077888602714975 -0.45577239788045054
5.032732595849178 2.3277167485114885 -0.42211278335739044
5.176737643394079 2.3313290232964845 -0.37331294485178135
5.338102854089112 2.3255974919812785 -0.3314497265958425
5.48978222830785 2.2876798580603155 -0.2868375467360912
5.674244286650798 2.242435552099033 -0.27451952129990087
5.852763998590564 2.1815597619795537 -0.2536599414720596
6.030696870314045 2.1178746058736 -0.25636355168695923
6.206050600206165 2.01902879593204 -0.2572506978931831
6.373207403369831 1.8922313567148121 -0.276175008313442
6.553794333277244 1.7517921339837317 -0.2920562465327121
6.721541447064953 1.586668198047212 -0.27015718134745825
6.841358153519918 1.4374741651290694 -0.22909622921023642
7.000490853660842 1.2509238673575154 -0.16831449524291298
7.255994994004452 1.013479894234103 -0.16557733150939735
7.432278736583143 0.7578606525625355 -0.1718630793870658
7.595682222632698 0.5132457716666816 -0.1766707330089401
7.730991671807559 0.2919026005810519 -0.15631767792634
7.872657072640246 0.03651938023343515 -0.15639614050284545
7.999963716351074 -0.20492098307527784 -0.15088220778959893
8.175645951199893 -0.42074609232007854 -0.2054750161261698
8.372960358516394 -0.6314155528408829 -0.25649252998394234
8.567762640953642 -0.8420537682824214 -0.29594626268637847
8.805252483344065 -1.005256119371749 -0.3529325427340021
9.017126493251194 -1.079225657876818 -0.3673432720500601
9.248441037507899 -1.1649553637181143 -0.4039359391330467
9.474926276850173 -1.2166811256000591 -0.45191400526489967
9.67504551617723 -1.2356978412922364 -0.4602329920097118
9.845055295055296 -1.1859721194919979 -0.4578781149547734
10.007716907627415 -1.1043788936174408 -0.4476915789214829
10.129780448294461 -0.9817224181918787 -0.4457805729090295
10.24122445238573 -0.8439017552439605 -0.4513220775996044
10.329143162347538 -0.6953617140682038 -0.46613195784754435
10.398607971065552 -0.5530068200126099 -0.5078653897618449
10.456965676942119 -0.4036113021321832 -0.51637621560207
10.497614217568543 -0.2531318236514346 -0.48845817541677927
10.523728890827062 -0.0921942290275295 -0.46596215273589137
10.54422165136004 0.06775907810101156 -0.507096974512156
10.54375983641026 0.242426294421191 -0.593053247635012
10.526235556086188 0.43635281347667343 -0.6804285575673138
10.478265965412309 0.6172439168092976 -0.7475224078293107
10.42444842094409 0.8086240776195592 -0.7860519650499501
10.364634911656122 1.0073759107760605 -0.8152400751904255
10.320139734661048 1.2252140265633091 -0.8297376266207138
10.271207107340423 1.4385117839917378 -0.8241917109510887
10.205799398645274 1.6483247542731796 -0.8081333300185317
10.128052919171473 1.8862427572872749 -0.7622758251107614
10.026125991332755 2.1456302819118878 -0.6933136218713171
9.915711551404296 2.406399908004634 -0.6257739000128825
9.79792220811785 2.646435341073057 -0.5323456899763385
9.675551153469288 2.8983485680813375 -0.4528236823818864
9.536523988884603 3.1459680875761866 -0.36719313496301986
9.400927038542786 3.399688182095882 -0.30179651646551753
9.260181039944904 3.628427399633886 -0.23933652055194687
9.100665487039482 3.8484758347064933 -0.17792018801227327
8.93642306260898 4.043325668605446 -0.13010952771283257
8.75240210663953 4.217795130702742 -0.056189662721872646
8.551607615907669 4.371297865541518 0.014516126952203168
8.330968138280323 4.505630274505847 0.05805239934083306
8.098003781128849 4.625182446571271 0.08633899670485812
7.86448744512516 4.699196816064482 0.0698616227242933
7.622484654352541 4.745553457661302 0.05071585551435942
7.376687151898745 4.7535484891900275 0.013193984335104325
7.130800252770181 4.733643371702902 -0.02311993023432024
6.882206062999163 4.670622924387905 -0.05392479586661281
6.652182738109648 4.54098941313468 -0.07044648772103901
6.43353200159019 4.376716536383359 -0.07092325511331121
6.234325781929722 4.178223775502721 -0.07204595602317276
6.026064617541698 3.970874735831798 -0.10653803778995208
5.857383739951191 3.741170991234523 -0.13863424359711152
5.705683484959934 3.503313623510953 -0.19816020542838386
5.561979284359499 3.290982249240947 -0.2135130295284392
5.452153349213252 3.0867468054304505 -0.2544486541233386
5.365294250056433 2.8750034941413207 -0.23338813650562873
5.320972374680539 2.676950729783328 -0.2034211675232258
5.299845124620443 2.502871713581778 -0.1525700229092769
5.305522666459662 2.343527169033623 -0.09549404463838207
5.341898627175013 2.208533384028638 -0.041869758917769784
5.379299134465826 2.0808738764708754 -0.00718100719325232
5.415945616535227 1.9570838150776675 0.032459526013452145
5.4519865995660926 1.8315630691195453 0.08414047342722886
5.489320155220946 1.7301419179441027 0.14791015660737322
5.524388583990843 1.6234542387678905 0.23101031829779606
5.5541831769541234 1.5099605675388856 0.31077648686567144
5.587134483219187 1.4084464126689453 0.35746439982755857
5.628715741301598 1.294102509689783 0.39138714697566923
5.681223977095671 1.163723954284455 0.41963511380198915
5.738632060704239 1.0254865964885655 0.4176313905061483
5.815786062691009 0.8627936249902275 0.4195053732804309
5.904337133816633 0.7267746565417887 0.3948545513843087
6.007948219174903 0.5777452872011817 0.3922306507821513
6.123072660406253 0.45689630463878794 0.36731315654513647
6.2693920399099525 0.3044098228031977 0.35692873141345527
6.420759945444832 0.20890619540228395 0.32532338684698764
6.5799333869373795 0.1146089350965318 0.2956881430247897
6.737141384708194 0.011782578181808834 0.2624977217917166
6.893182411023415 -0.07925637506299488 0.21336758660298782
7.041461249477782 -0.16614719856576943 0.16126225824985052
7.192227391245961 -0.267100964657069 0.08966886772429494
7.333049708840437 -0.38037022886198835 0.055335290660398884
7.485746910811686 -0.4977100742236582 0.013648766290279557
7.629521159111436 -0.6059596518098471 -0.05052170994478933
7.797995135626421 -0.7401067950501665 -0.11573145586731148
7.952165906967833 -0.864791800128063 -0.14909247880258392
8.107263632681837 -0.9870008128460429 -0.16335256878281668
8.258066315769705 -1.115676380345941 -0.16196532744598136
8.399045722753314 -1.234592758862348 -0.14177524903655891
8.527971565035969 -1.349620440993831 -0.10473277985762419
8.651653062724632 -1.4676196624714184 -0.0493215546060124
8.767244453498364 -1.5925761919963177 -0.009259948677656449
8.872968423261161 -1.7007697630374756 0.0168501702487992
8.962921837265535 -1.8067458326765171 0.03060379069891328
9.048320101587748 -1.9099036779394654 0.028312392251526597
9.124871584273393 -2.011519161691017 0.022873792098383694
9.195701000239357 -2.124721911596329 -0.005325910996567207
9.254859957915297 -2.232900508191682 -0.023364588165207034
9.301574649390066 -2.3342124318396014 -0.009856291493725133
9.332115626152987 -2.4265195808570477 0.005196588947304237
9.372485870758446 -2.5191779592180907 0.03993485870528568
9.401816105491212 -2.575399185614342 0.08572473417009474
9.43936157509247 -2.621732914537984 0.15189050250066488
9.479536973114834 -2.636971017844939 0.2262256210724018
9.51659318792148 -2.627287609528227 0.275799126951721
9.564436823168151 -2.6096953250084756 0.32203397477189954
9.627934762244081 -2.5743319900764745 0.348804393923829
9.70283486684231 -2.520202107973249 0.3942314881692275
9.786863562774384 -2.4665278362317125 0.45704331149436483
9.88316611756507 -2.4198517978257934 0.5063458141734372
9.99315884294191 -2.372881964536387 0.529376632353161
10.113969186697751 -2.331333899712806 0.5518247968098983
10.234023689149128 -2.2715913541834736 0.5912021872560316
10.352948023637445 -2.2008087092105773 0.643124947153155
10.480082044602927 -2.127084359706348 0.6712358705426857
10.601264780390283 -2.042726073704553 0.6723646477952594
10.715936296211549 -1.9467483856804053 0.6718781128604512
10.83552149816564 -1.847879672174963 0.6833130431322662
10.952541864648062 -1.7408887495237242 0.7116927699583536
11.066148280780764 -1.6305451976300018 0.7435999315957829
11.200585325286182 -1.5071262491860775 0.769505480997964
11.320838067474213 -1.377457996564813 0.7776065582143855
11.446338581688725 -1.2518954333508416 0.7780904049987076
11.554815645021781 -1.1088902818589115 0.7743764977458328
11.661970037539817 -0.9818381896319092 0.7717316959454745
11.762281139345184 -0.8454128445680946 0.7848802802151121
11.846227835013455 -0.7187161083035625 0.8126587162306803
11.919936512943032 -0.5725173190246726 0.8332138625092647
11.982525141792276 -0.4268904775525988 0.8424300785338203
12.016350624951716 -0.2527983998583647 0.8417220852309436
12.01637670922608 -0.07089956890850546 0.8359132677338509
11.971566615357347 0.14369895519582032 0.8091530178402981
11.892473956271846 0.3790779629688932 0.7761596540968687
11.779321592749428 0.610324303992551 0.7335732173947876
11.635470760329923 0.8514348096089086 0.6935995913067008
11.459757139859468 1.1059741596473565 0.6600676203724906
11.257981055717895 1.3426801498701963 0.6546743217908453
11.056924137146579 1.583656189749004 0.6637422194301714
10.81855600342806 1.7923506045041848 0.6811226272245843
10.608195977740403 2.0293429781424863 0.7200772158890447
10.355523166612068 2.241744062400828 0.7630378559239633
10.101872876807038 2.4589421902119057 0.8387580870345325
9.82127164739284 2.673631108713002 0.9253991960083862
9.526483024123376 2.8693607617280388 1.0190050605322545
9.243752202563492 3.068743123835182 1.092979178961908
8.921936135903984 3.248870221551184 1.122411416761317
8.57417928712705 3.424402544060429 1.1150130409288073
8.181170566793663 3.581682787983594 1.0944698134290909
7.793163397177909 3.702367493131297 1.080504838182426
7.377141287279315 3.8023698014736884 1.0777116632780408
6.965449469655168 3.881728747089872 1.078952612280864
6.598615004910326 3.9238556166891283 1.0984446950046103
6.191704799386305 3.9395440318256054 1.0600577882995252
5.758830407977229 3.9199586786199725 1.0071754565758584
5.409440703647011 3.886353581558892 0.9508010875692384
5.042407251007962 3.7965390162541843 0.8607248971124561
4.766146602471834 3.707836343876146 0.7614328241613764
4.505167367772066 3.555069589070865 0.6792266399068798
4.271650594241822 3.396225262902734 0.6246428099214008
4.06042445799986 3.251527777322775 0.5867973611286083
3.8693967084213674 3.090618849685836 0.5654665611539803
3.701765433951412 2.9341694892739283 0.5600542219102901
3.545273621368672 2.758911939252363 0.5716969284289303
3.4260231058545596 2.6092297616561066 0.5829237834022956
3.3364305448867078 2.4658089367689695 0.5750421397495945
3.2804375653990814 2.336854494275211 0.5662588355835374
3.267928479231731 2.2315377352783767 0.5564221400054178
3.296099600950041 2.1480599299470877 0.566563397814724
3.3606825146807613 2.0713022636732563 0.5749368372143471
3.4393948432764283 2.0036932951384476 0.5769331406731125
3.5560990653007822 1.9894323567805388 0.588790735485145
3.6562175079180834 1.9769352524244979 0.5931779532093385
3.769039334908602 1.984444582493603 0.6164145365928627
3.87496305653071 1.998274079120589 0.6442417301124813
3.9790406564907785 2.0100613045158506 0.6487122036390168
4.074091153805698 2.0151461849578918 0.6541921177566861
4.1635605072526065 2.030247896026538 0.6495167434708775
4.24449418918464 2.032480480936831 0.6342816636769377
4.313706143232618 2.0340747608691965 0.6153594395100591
4.379573174754602 2.0318922375023813 0.5847906737313705
4.436536103392199 2.0279202082936494 0.5480651845850775
4.482952564912155 2.025170997849059 0.5145455496031212
4.528271561674323 2.0145471484564617 0.4957344771473565
4.564209981956285 2.0031717786698837 0.5026478935305019
4.590662544298304 1.9883939391599008 0.5209952034705304
4.631161578834222 1.9669427564918238 0.5520961443556434
4.65612130570733 1.9394736741612055 0.5693372957875236
4.679493417855229 1.9079571334430563 0.5755318802919579
4.692649191572007 1.884925976552442 0.5678024410958701
4.705453633292893 1.858071258330849 0.5540035357604836
4.71303489480595 1.8381016143091338 0.550194586354147
4.70979441688859 1.8179645377592069 0.5604425095880846
4.705415470380209 1.8002185453890012 0.5483745040594314
4.700149732775989 1.7710971172139844 0.5276599905072769
4.690916449974427 1.7431921406544073 0.5067123533923661
4.676996030641871 1.7184561129662352 0.5074664589948057
4.662431547165399 1.6879030904634664 0.5242299681843711
4.65068564790643 1.6618191252392713 0.5608999790176425
4.643810819565338 1.6316625233842057 0.5795533720318569
4.637380215964543 1.5999675341229147 0.5863872059520461
4.631929903334982 1.5641813789494492 0.5974933748925694
4.62792521655834 1.5312167532758272 0.6208704305753239
4.62820774320829 1.4897938417001177 0.6320255229393891
4.628320908176873 1.4409631832787957 0.6207502367031257
4.636341812041711 1.394243021540282 0.6023145769519834
4.6439724002692255 1.3481785092570386 0.5857948372056697
4.6581582735118126 1.3065560159736762 0.593965891294392
4.673855429768093 1.2746963547842265 0.6227917542272117
4.691751069847183 1.2448621378304399 0.6679848855504439
4.701801837182519 1.20979027092091 0.7109833137639782
4.724855306368881 1.182610229246778 0.7388076249265424
4.7401487895093535 1.154444026038325 0.7476949199403163
4.754359848776513 1.1265726371243798 0.7452993776194086
4.772938353353118 1.0982557093451115 0.7282715603543011
4.79418437824303 1.063906725461564 0.706897267683655
4.7976927541185015 1.0225927120288536 0.6863263645869602
4.792322214844211 0.978813318257675 0.6768377685198691
4.780900820276224 0.933098741955027 0.6835185938682142
4.760856832337706 0.8992563184431059 0.7002943444235002
4.721515156935798 0.8820772146111375 0.7385565851256694
4.672460608900159 0.8918080244991073 0.7547829426053888
4.599893937225865 0.9179217817798841 0.7362068952685885
4.507982136929077 0.9823324468956827 0.7020494988407203
4.399225568096226 1.0840545446778362 0.6620112586920381
4.2391747969459805 1.2180558627382334 0.6190631634371712
4.0721046630724205 1.3874438116272283 0.5741777517458568
3.895567264908938 1.5740927803607336 0.5281312765534347
3.7041317491964207 1.7840934896714287 0.476103886422367
3.53074600436479 2.0085460880833907 0.4184326609510238
3.3637670333611043 2.239915395913163 0.3455006428484519
3.1981087426312595 2.47103975463784 0.2706181285782108
3.046448115623715 2.702123473526179 0.19250677206861327
2.894522472206498 2.914916299325165 0.1420149608145843
2.753034967139709 3.1504194690058616 0.1012095796256598
2.61623554350514 3.3949467708749794 0.08466086821894492
2.483223733498013 3.6391407292380005 0.08007852477416433
2.3675385293826303 3.8778502162173347 0.09263755487046754
2.25175553644899 4.105073590730775 0.10465697168068899
2.130401891592291 4.306176510178396 0.13877124604554947
2.0385518029284624 4.545861145101423 0.17434021728396004
1.9374315312009909 4.748831843219238 0.20197032106570934
1.8174825749714558 4.974884061893899 0.250236414946
1.68948286348812 5.193483656963256 0.2740266434095959
1.5908135162283474 5.422691315149953 0.28597298812425614
1.4882222517929664 5.632080259324665 0.285423577168774
1.3509614965753705 5.8261974657583 0.29679487706060537
1.2832266068397797 6.045753410898607 0.27026377953835634
1.1397509965692065 6.217653274780565 0.2108401046513897
0.9993820983258082 6.394974089591054 0.20000036042590863
0.8519619829783256 6.5615233779692534 0.22825920139849432
0.6934605806801413 6.710603291976097 0.2636526457683092
0.5411032187367262 6.838793313556984 0.30797341593570754
0.39140056069349605 6.929534117787547 0.346087071015652
0.2206122152400143 6.978207115762201 0.3978625754584255
0.047005436909872245 6.9819020638382785 0.41648073577387734
-0.12238371551734506 6.969525234894235 0.4472125787628506
-0.2741839609958161 6.905608119657137 0.4641932922803733
-0.4315606740827844 6.809699934656409 0.4649802498907824
-0.5788035218816194 6.670023518040161 0.4804755466561592
-0.6784754093226457 6.505680375670671 0.5136898387944222
-0.7804347619534537 6.321161277953424 0.5654090412605839
-0.8569482754201854 6.1267408208822385 0.6234200169217597
-0.9061849249369578 5.942930275963802 0.6612326108601042
-0.9493196779130777 5.754352389394366 0.6887358965758199
-0.9787063702287782 5.561468589805813 0.7106415800546451
-1.0196626795129866 5.354082210185922 0.7346467867047773
-0.9961848914486886 5.170151662109282 0.7438650021408764
-0.9312721548019489 4.988693672020634 0.7560893586376102
-0.8541191889538791 4.797133722040471 0.7869422259600692
-0.737897123308568 4.6212919152680705 0.7944337847039299
-0.5994916983925487 4.460538575672391 0.7846909436016192
-0.4360702566927728 4.3180674324653125 0.7663767387059517
-0.25465198951316736 4.184177102307668 0.7468563722417526
-0.04242722303307023 4.0480396516261585 0.7294757267380882
0.18644551067628257 3.88862764033262 0.7293471038604886
0.44129796882074057 3.745665970279894 0.7422179658193371
0.7041405649608774 3.5962729723602904 0.7176101957982617
0.9603066204547992 3.42493667397185 0.7005454445516118
1.2454802007425156 3.27214134585043 0.6910166908009928
1.5474821384265605 3.1265030940908267 0.6919169817782572
1.8639870592297734 2.9684834289853845 0.6619735665897548
2.16535048681687 2.8130494335901823 0.5942541194579174
2.4613664651145126 2.5930162401199355 0.5400089036144645
2.766346040204522 2.403998022330206 0.5078791150948831
3.0610275503701825 2.1765177311288775 0.4896964655599155
3.349223295623054 1.9652568216026887 0.4845006308103522
3.6451323739587425 1.7605654829437953 0.48849302886399043
3.876517856431902 1.532288768229071 0.5302077640428838
4.1227093684082305 1.3256538866823013 0.585234290255854
4.336376376495074 1.1126745001514649 0.6508099612131026
4.526712832975652 0.9114656342131875 0.7208577172783485
4.714761717350168 0.7181259521053747 0.7803493146249717
4.881362418329434 0.5276491490540258 0.8375373443120322
5.0485510950409145 0.3589774630883511 0.8670547615681758
5.212869804281217 0.2106847148904687 0.8900890631966387
5.351627900425649 0.06535790439648337 0.9000090254260371
5.481496966255467 -0.061670051183220886 0.8915438024317709
5.607149357764234 -0.182530751939177 0.8784869419287302
5.718745216383042 -0.29265629605424603 0.8497735323065827
5.808601980151053 -0.3893782349756334 0.8139224160516174
5.8845301526156195 -0.4720767806577828 0.7815281405269537
5.953755650034485 -0.5439210525419633 0.7324488702387224
5.998037085735403 -0.5997009601732146 0.6683830575662093
6.059717589305349 -0.6286827590297424 0.6112486291517416
6.086324758860085 -0.6777414765427145 0.5568842465685945
6.134075277708402 -0.7074226472320928 0.5180684575932524
6.169364337085861 -0.7417790068012369 0.5024508041567814
6.20997658926038 -0.7654822995476949 0.5077742719982233
6.216331945391799 -0.7784571024990612 0.5245293673150061
6.224440256823138 -0.7805008892512768 0.5822279186248733
6.224700479166641 -0.7769066435084739 0.6378617235912133
6.20322280415352 -0.7672335262590781 0.7019471429419329
6.189776056755892 -0.758309644231425 0.7409567124090146
6.183515568472911 -0.751044808889034 0.7662394274938987
6.171074010996239 -0.7449503353003681 0.7775611045888285
6.166374415354646 -0.7376151826777524 0.7764997162244431
6.155177767873731 -0.7332536518153798 0.7622666381679699
6.142854507622812 -0.7358563218563086 0.7257983511945822
6.136496683834217 -0.743078486245117 0.705098777794018
6.1246422896782144 -0.7513752846572961 0.6892261861793098
6.12148767487469 -0.755907112620154 0.6775610925781415
6.125897569514556 -0.7653144526492179 0.6517902756733867
6.1249505665212105 -0.7817305289340102 0.6147529598262687
6.125882150394412 -0.804196135479543 0.5894162377896187
6.137309528079046 -0.8294915242264758 0.581669577338924
6.147417865635337 -0.8615960855281442 0.5896529046839619
6.1512918515794714 -0.895678893062315 0.6216544128943751
6.155510834132776 -0.938107832530014 0.6623037917707697
6.148967795829684 -0.9798810370262081 0.6895439246091057
6.152283715509517 -1.0266629485799936 0.7128116902575826
6.1596879429042835 -1.0752467814904825 0.7290764878932232
6.1540624855556825 -1.1285624551786309 0.7309364303088939
6.148448551356135 -1.1759743418643651 0.7251442000163556
6.115013029405424 -1.2486579100418327 0.7124044640027574
6.088792909854999 -1.290941754333405 0.7008303155923538
6.058901843849942 -1.31620055392283 0.706660253988204
6.035757518228242 -1.3328008056147098 0.7188620398761842
6.008131089600251 -1.3480619780082546 0.7183004572190602
5.979936140096532 -1.3521113978248664 0.7054424524520181
5.959478887053015 -1.3458806220965842 0.6879969710279507
5.935456696127196 -1.3403678704117614 0.6633446012753801
5.917567375985068 -1.3395475075155123 0.6430807038768622
5.906308094302576 -1.3442316386364115 0.6391512541947646
5.902640889177682 -1.3552610783957482 0.6492672393665115
5.904365479863343 -1.3739301654405975 0.6693952052373728
5.9144948916672515 -1.3997851567019663 0.6854969046542342
5.922589463580174 -1.4260491990945139 0.6902675063966808
5.929627242262124 -1.4535257897040785 0.6867158080097157
5.939893695168442 -1.4868500929343427 0.6749200097983069
5.949885833495857 -1.5248207978354675 0.6538336533371037
5.958609604149885 -1.553947924886557 0.6236421616128034
5.981409302393747 -1.5671786932742275 0.5964904554757363
5.988037877630523 -1.5662475302025693 0.5565695841655226
5.99949169330037 -1.5540976317464228 0.5186401080618828
6.008766122228382 -1.5572131693859927 0.495265405206767
6.0098640669780785 -1.5469228827817278 0.48695185420850773
6.002109479540704 -1.5350261506010268 0.49644562838765366
5.990286145913414 -1.5281891588574221 0.5265960682324288
5.996184903503417 -1.5224125335882062 0.5648207921715164
6.0119715380122605 -1.5198988965242866 0.596848352502415
6.013239343200984 -1.5186924546510927 0.6010961261617422
6.016221365676979 -1.4966325991384808 0.5734934757616037
6.03175426342031 -1.4896246122202164 0.5115328034783831
6.086614077971719 -1.427075239045464 0.4340178981959766
6.140646155364324 -1.3720878128910896 0.33866424772561465
6.196882466749276 -1.3215029668606768 0.2505287177446797
6.30722570880029 -1.2830472478343253 0.20760005672532134
6.42427392494816 -1.2329280075097993 0.16424532673499492
6.554954895860901 -1.2117201054084923 0.13843257999519365
6.6946226537691915 -1.1866085576560774 0.11067648226115612
6.8262161438339035 -1.1883530628822947 0.1257146421675291
6.982718676770057 -1.2137692538726077 0.14000006296838569
7.15618967526126 -1.2547844292891164 0.17408629147839816
7.356635879497514 -1.2847648454420366 0.21490717314285568
7.588193620450134 -1.3266225534134395 0.24416724052634114
7.8466167229797525 -1.357109779881091 0.26306662951374093
8.132916898431183 -1.3825734709083046 0.2475144181956796
8.43742105865287 -1.3878424581222668 0.19061689304450496
8.744753617115293 -1.345105359498978 0.14764284289571378
9.02139874370916 -1.2625449135078664 0.09268480781387567
9.261348358011537 -1.139282451969025 0.02263291781290644
9.460956403737821 -0.9445028611701467 -0.05988834748854899
9.611097457863341 -0.7092130587265306 -0.13466530477226435
9.724456870182706 -0.42937784526758627 -0.2115089528629156
9.799473143654708 -0.15078015308013692 -0.3076107961651864
9.838057838533548 0.1509333143991265 -0.4055962621634096
9.854317867552272 0.4260279531611837 -0.48054095752308645
9.837158857225969 0.7072666866336799 -0.5492153335620177
9.80421590876351 0.9573055071538241 -0.5931035929069358
9.745190518461321 1.214064987219515 -0.650231070509364
9.704775766803994 1.4544114752629063 -0.6732786204227216
9.64128329800209 1.706329998626416 -0.6682204447673409
9.562830520131381 1.9518489497318217 -0.6414592148497947
9.449166418688701 2.195378005819309 -0.6139046303077834
9.297785846492317 2.457259326271098 -0.5791390083219207
9.106132854459108 2.7241707440205203 -0.5010047215834278
8.881129694031802 2.9723443578516435 -0.4348578897696286
8.640244931899295 3.2181871910063555 -0.3732923701033206
8.376324060349612 3.440099082451375 -0.3138943133881351
8.05008673077269 3.6629823696483537 -0.23897003690131746
7.725432472601964 3.8197647835030426 -0.15837564453017527
7.395348992385603 3.928837766045308 -0.03941681832962862
7.065659189649179 3.969501179791053 0.07644177774473049
6.715398285648984 3.9641387308046583 0.22395226016270486
6.406851393144598 3.883916748921409 0.3699759743441641
6.095459077115108 3.773035937905655 0.46325265268323124
5.806697620099699 3.6394523678824178 0.5778752638795265
5.566582478469863 3.461574676739881 0.6693330851412319
5.346961400337686 3.279553910111153 0.7572927368259041
5.197988188522519 3.0806965015368584 0.8476938528574799
5.1048830954399245 2.8270872647010044 0.89159304523337
5.060733825540623 2.575321391167629 0.9465729389797308
5.084217302934438 2.3354438844433294 1.0015799014322546
5.206767587476264 2.1057550775084004 1.0466654300830232
5.406391050858587 1.9094856510355274 1.1335154550397668
5.6771097342431975 1.7109365581997902 1.1591578110209988
5.968071160375649 1.5469989345833466 1.1642782850323377
6.287544482207954 1.3820616438464794 1.151335846500295
6.636737876115831 1.2206775187669416 1.0738743225609175
7.00091712133354 1.0520231368260209 1.0029417405019627
7.336105946220584 0.9159693071537363 0.9127708527452145
7.656619269822571 0.7487859822635521 0.8111710604648675
7.988863375420481 0.5887780264580775 0.7210343881510011
8.315938549242619 0.4435989012898869 0.6498476101249546
8.655622260693262 0.3108327617660862 0.6091466965796146
8.98849964101853 0.1897052706035498 0.5615155655622628
9.320266997099665 0.07371428180250605 0.5299761854282534
9.63193044456179 -0.011106465169916646 0.4731096410390525
9.940211652922962 -0.0789762089592625 0.42145191748609356
10.229143387630483 -0.13778330409472872 0.36245127018448636
10.503727281000565 -0.16841287706874053 0.31613926587935726
10.752209634304881 -0.1606828971280787 0.2866017040095874
10.962338430099408 -0.14656481153729684 0.27340933735161355
11.138154441459008 -0.10834305256317855 0.26650483348222537
11.275709949486597 -0.06902150808258134 0.274308488920584
11.380567898396539 -0.01822294649804923 0.27784366899785923
11.45092312098874 0.057809636677592646 0.2695641645189216
11.471462711541982 0.14693665229959496 0.27208166175037735
11.458679102371764 0.2800433329720944 0.2857740536845505
11.402795240565752 0.40800421720743385 0.3177590486142818
11.30629625556329 0.5285101678627844 0.3344184567992924
11.184788699131254 0.6575074391374134 0.33507891003926904
11.048373411122256 0.7917984655472905 0.3279110898557064
10.877671084580847 0.930670318986393 0.3259703889005787
10.713446180103237 1.0771197013968385 0.33823160132860947
10.53502896488024 1.216491582157698 0.3839397029420221
10.369103357015014 1.3454086372607814 0.4466830325683385
10.215081529322564 1.4620996075875623 0.5155293343396702
10.075618953207364 1.5723807278641684 0.6034085740994188
9.94584133206381 1.6768496355538307 0.7112780752730132
9.824501737780718 1.774057161963519 0.7964111717916035
9.708468748005535 1.8832785949865882 0.8741063757785045
9.598063813352777 1.9957169326019097 0.9545526466504993
9.50951924194555 2.1097326455787075 1.000381847579069
9.435045830655898 2.2421747987830973 1.0436173315364496
9.387641968762136 2.368454359348559 1.0727131335949687
9.349564826378991 2.51732111288842 1.0988158374567476
9.326629260065612 2.6580889546119715 1.0956461692219281
9.309318503320817 2.8247272259468423 1.098399497571417
9.293900056006272 2.983916942500563 1.0806325867255557
9.266035576845768 3.1574550590546298 1.0574646122242584
9.213613483251802 3.3219268233362933 1.0275436122774428
9.166433993752225 3.472275926602069 0.9813528159101763
9.0995888686987 3.6190938974842415 0.9306101633797537
9.009060218340824 3.757940237411829 0.8811564832029812
8.927799841465324 3.8362205814505814 0.8233158418726025
8.807438755340964 3.9338785510640277 0.7919115446877398
8.69532866190741 3.997073439187321 0.7578332177294945
8.579252727000782 4.072083995337156 0.7293712260816991
8.41884390419222 4.139850994782837 0.6870901023112007
8.275730604520287 4.172275263804407 0.6262663469697355
8.110980190563286 4.183545990209428 0.5797614101606549
7.954600433024934 4.169489212057611 0.5384465368796326
7.76221107759045 4.130293457774373 0.5368121825396277
7.596320804881595 4.067749694464069 0.5262215979083081
7.420510260040677 3.993772008708786 0.47124645743270965
7.254237708100148 3.926264267841703 0.4499434568991413
7.072856934118946 3.8337290853003476 0.41940632320299376
6.87191780898906 3.7300579535650393 0.4143520236290776
6.697429374914523 3.6393294696152103 0.43456797774968814
6.509066186644856 3.53109325000513 0.45489702404943355
6.30845077217901 3.425239149300793 0.49712193519565484
6.107981564676676 3.3164100173068927 0.5141994829542537
5.914266789036048 3.2036224527469446 0.5058815122456646
5.714683452161703 3.0899642365387057 0.4769687949998104
5.512718594225472 2.9658899470164637 0.4586184824878674
5.312199548221126 2.8202192845301908 0.4567334523105114
5.120111913102193 2.6865541533745456 0.46056751708438404
4.9344513247789585 2.548682671798302 0.4633914141740949
4.764124641591715 2.4068226688098346 0.43005877849529284
4.6129376032482465 2.2913249922610928 0.4246757459935706
4.4688764292677075 2.182245382994839 0.4187683496467216
4.34587972855142 2.0901872208119476 0.4479640823314428
4.230967014670794 2.0016043339468275 0.4839237638478154
4.12968511074147 1.9336116893478823 0.5332546932838378
4.0459936643897265 1.8787717166032025 0.6101818017013918
3.960569261412418 1.8246627056696854 0.6774971511122753
3.9014736269460646 1.7819898518627957 0.7231152023500843
3.82758554691184 1.735148872424252 0.7787513053434169
3.7752742846860867 1.6963185437938306 0.7938348248945287
3.7374090607826465 1.659924684381862 0.8120454010241002
3.710854694854949 1.6065025966511803 0.8160695956771417
3.7007219090914885 1.558058824838433 0.8040122791586574
3.6991999253247974 1.5064349750363024 0.7795171783758424
3.697434472782802 1.4473413784228923 0.7463216942237191
3.7015357203867802 1.4210907930493866 0.7454739846935199
3.711855198001856 1.388613317034455 0.762502210572497
3.7357575301155377 1.373408484695585 0.7642875939836323
3.763776175842835 1.3362167703092949 0.749194265043298
3.785068026863195 1.307434322893235 0.73044850694325
3.8146590051133504 1.2845907132435492 0.7324887302145056
3.846299516138347 1.2529705123481998 0.7474477216100448
3.8892741855374133 1.191328596663034 0.7882369409012242
3.920800699781707 1.145773795929394 0.8301694663982907
3.9481762552654853 1.086351777649976 0.8679289523247375
3.9802411156391906 1.0319451968060167 0.8975354555420809
4.004451489707925 0.973043852612137 0.9117174120531898
4.0270879265888375 0.9136902326164145 0.9125511396611422
4.064650394382268 0.8298233185914521 0.896629026126806
4.090440012731698 0.7514249859199573 0.9012042246370804
4.126060390960362 0.6751078078769872 0.9171485430193598
4.151539148325407 0.5941684869682571 0.9162034681497455
4.198843165954994 0.5079452213687503 0.9053431386047841
4.240133055568882 0.4253888731226021 0.9084321180389059
4.27599262076499 0.3336923817823849 0.9247600933499018
4.311613389847083 0.24388221590339265 0.9606836293595402
4.338921284989487 0.14895871692524887 0.9891857737811225
4.371152330143786 0.055589332489316634 0.9987559846812719
4.414906428889009 -0.04341056237209662 0.9950662219895935
4.444462529372052 -0.15348706408738688 0.9798294586489421
4.475130388846805 -0.2562824928914249 0.9586562986928138
4.505774234257079 -0.3553202994658293 0.9446805932171999
4.536103087139077 -0.44781853941267724 0.9462840796496983
4.570243610384345 -0.5398775502652753 0.9607197270047336
4.597811410083948 -0.6357056177875489 0.9820246451259329
4.625012388392355 -0.7257660329046935 0.992414783239785
4.637862243612657 -0.8240751556590038 0.9825167715030184
4.650124098320539 -0.9258546649862278 0.9642133985689785
4.652245480486268 -1.0205476362585215 0.9501111519369785
4.6482000681480375 -1.1130669070314305 0.9529218545752636
4.625811417321142 -1.1941796402350984 0.9384247736527132
4.606140974043964 -1.2846990315812485 0.9118824505298178
4.589205606546658 -1.3632441836112652 0.8851963584854937
4.574427349034356 -1.4331680979176444 0.8564073994856382
4.560556230295762 -1.5023604256680485 0.841862641708355
4.5476147162382095 -1.5605948274761408 0.8485153670471662
4.538951844500249 -1.612674948138658 0.8734878049590667
4.531576732610596 -1.6550543344075022 0.8913854691180864
4.528750338464257 -1.6875001578924549 0.9007048083893057
4.533202543246195 -1.7094347664861291 0.9019043188286235
4.539379279737245 -1.7231868685772571 0.8985625552362213
4.546143077503659 -1.726580855162493 0.8824032630698005
4.558102861574021 -1.7241594944005096 0.8563833940749472
4.570462931265704 -1.7195771849361308 0.8260770051077545
4.585461763585732 -1.7211678518350582 0.793617279360575
4.5985911260824155 -1.729738783285992 0.7602149693158478
4.603567847621566 -1.7438446702063721 0.7280235179151717
4.605379504615421 -1.7612349676516081 0.695075604619226
4.60899701664169 -1.7812463492262434 0.66079592744788
4.613703192254316 -1.8038453754560264 0.6306743517891681
4.6098439101074025 -1.827369655245331 0.6161222857871006
4.602961351147002 -1.8502156771149536 0.6072677090915369
4.591188175943686 -1.8700984872443895 0.6055591743826827
4.570636413416859 -1.8884594966357318 0.6171087986509685
4.546407079141937 -1.9068336427561137 0.6147359050282841
4.527870882071756 -1.9232438986583975 0.5933079319051938
4.526985065557255 -1.920717923738284 0.563277218794082
4.524518984629046 -1.9239159355771311 0.5661277200475332
4.53041253859951 -1.921917566738683 0.5710377462695081
4.52903937591211 -1.9225893917718437 0.5675327230623662
4.528888602628337 -1.9221787101367678 0.5669269906764204
4.528755295467336 -1.9225782423143525 0.5663583913085365
4.528858217444095 -1.922417928685636 0.5668460018737107
4.529133142126243 -1.9225442970841462 0.5669550095266119
4.529129836683935 -1.9226283280353722 0.5667326542379
4.529068190547966 -1.922586807701418 0.5667661039763406
4.528891744692245 -1.9225798984111213 0.5667362410128225
4.529343757514608 -1.9222255237314683 0.5669212760113447
4.529391662780511 -1.9224473178196166 0.5668670698195484
4.5293092614116315 -1.9221750913995137 0.5668612900229478
