x y z
4.673452400856297 -2.406046591654408 1.3582439853152959
4.631567989141606 -2.440935475541692 1.470439020586023
4.995135344220131 -2.6147950596340896 0.8775963908641862
5.0304826529930295 -2.6670181372975126 0.8956715665024219
5.021229220685852 -2.6931046535080094 0.8973512644757794
5.015956004625131 -2.688366046345951 0.8920599535828623
5.0534994878930375 -2.461683857637026 0.8752496480212626
5.195873039046299 -1.6255345423333973 0.8153456414881939
5.227871119740315 -1.4494468170685753 0.7826969590426525
5.217477000020799 -1.4862796791175834 0.7688908334710658
5.183417300000081 -1.5334963900760523 0.6915092388090684
5.178103241222007 -1.537023490999732 0.6875506029132791
4.986089137641455 -1.98643634077507 0.7342923734719868
5.238990223299332 -2.725911528456108 0.7080330475558516
5.345599909166851 -2.6309583871048763 0.7127363569221481
5.433796428981019 -2.527463650112531 0.7025859605225282
5.488075387337482 -2.394222052607021 0.6947196272913352
5.510755727910198 -2.2433620859847823 0.679420261904941
5.505665913400612 -2.064174492241899 0.6614595470632685
5.388651223558016 -1.740910458477762 0.6491791928692356
4.987046023023108 -1.5475030364213325 0.670121865158538
4.82991134411555 -1.5849416144183348 0.6877990014210439
4.388457475496427 -2.3157990691128325 0.7410060919756565
4.4002206385571325 -2.401173688912669 0.73700310096326
4.457879560472151 -2.5465164284440776 0.7347323428735084
4.872877258548086 -2.8328891279441457 0.6889688422943185
4.9873957447605175 -2.8003655222134585 0.6657991236277887
5.109689627573114 -2.736268351927628 0.6610495753327355
5.219718292684719 -2.6323531087584247 0.6415177624925995
5.308642048531157 -2.493277904341858 0.6330564503357226
5.362983187048687 -2.3331464055316147 0.6275021235585416
5.387953407597092 -1.9045861946892044 0.64594873989802
5.352616087393864 -1.7626448320211925 0.6491223999226152
5.294138093954752 -1.6496968599178237 0.655233886146865
5.102760882140956 -1.4957395209326283 0.7010682013726592
4.983432431862435 -1.4861261475688432 0.7213732941226629
4.872041844328142 -1.5290897525939315 0.7496361697963323
5.054907535148471 -2.377625496418771 0.8530410298521858
5.2454036494315766 -2.3981348092538077 0.8749105527691401
5.392464239173502 -2.491901007154311 0.9020773412613552
5.468789367530194 -2.636980941378169 0.926147733618331
5.448379611291909 -2.792731176089808 0.9398701620606156
5.393959309247741 -2.8753018872351905 0.9580556546407486
5.274726136585284 -2.9699925251557 0.975245934381807
5.177156899028435 -2.981404409038687 0.9866922876563204
5.07634839991971 -2.9472567073166607 0.9925415892908154
4.745398091977971 -2.018042639178599 0.8653129778527173
4.831053598146087 -1.9150445514219472 0.7965417344167156
4.9374886215987095 -1.9987009265089077 0.6801005207554706
4.835489856528992 -2.076826245208918 0.6271517580114665
4.586133180677265 -2.160282041046105 0.39561776680377114
4.538833001629965 -2.1740150789924737 0.34143406380842994
4.438590804001122 -2.1881905946131117 0.2119422599727735
4.443518552979464 -2.1896002797231553 0.21129604023049897
4.598033978233356 -2.109446550783214 0.19928181599274336
4.649678208602987 -2.083279923005736 0.22532021483972778
4.690086090139518 -2.059199777145397 0.2695267050973852
4.719570671355262 -2.0056087988721116 0.388833664657685
4.7156170342314265 -1.989653534582384 0.4235762477179312
4.704401939694025 -1.9705985974728046 0.4976001670752343
4.680237624054689 -1.9532716436782072 0.5885768400624496
4.598913323062054 -1.9357646250421063 0.7483305252149443
4.534279927939236 -1.929302553222019 0.8115329753151039
4.482897172178392 -1.9167115893879276 0.8443509702315144
4.309642012037721 -1.8229453025996745 0.9320326731236774
4.27197132455325 -1.784729453134783 0.9526785104725761
4.223757783944186 -1.7279193815311973 0.9735862512789148
4.162657861646696 -1.625215503592015 0.9764845493068932
4.079968912986667 -1.3864335876873455 1.094213079412555
4.060630469108579 -1.3177480332692633 1.1213081513075291
4.02848200987271 -1.2617459130781168 1.1239724147578511
3.9922062917574697 -1.1937188171995121 1.109810858645403
3.78293614519151 -0.5518697892824673 1.065315692239713
3.7617632309122246 -0.4443245579076125 1.0586862431525865
3.733157001857755 -0.3462215551719763 1.035965624966333
3.6331475972122482 -0.028278269402511658 0.8842173503867502
3.551253114590118 0.2809427767763202 0.9763645958792495
3.494918148106186 0.43391518141621965 0.9758449872753026
3.4381663415683077 0.5815000879991588 1.0337591968191224
3.405375596192453 0.6742414711888882 1.0993498488168703
3.3467532010898533 0.8559983307514472 1.1445811708824323
3.252193338208402 1.1473859632728831 1.145874920564115
3.2303400432453273 1.2223404438642604 1.1531848761635441
3.1685411092104916 1.3557666021837753 1.1824527036365964
3.052285741732242 1.4768758597902032 1.1790654392480298
3.0059389855265986 1.5154590139835475 1.154912960036938
2.746618009917113 1.6983188934542977 1.1639266666423902
2.5831398118358053 1.8134569258918356 1.1472744452140153
2.515980655332293 1.8491934650832915 1.143296610957778
2.3924737019779903 1.9250669812903887 1.164843361387999
2.2274859253226356 2.043603464969543 1.194193918644834
1.9850814989271894 2.2256054246694044 1.1804107689068783
1.9335102178757215 2.2612461210937695 1.1712674796113451
1.810098409477312 2.3540485869971075 1.1607365629569584
1.7023589312904868 2.4349877373544517 1.1867595154547927
1.6440714303073332 2.4788681663119334 1.2033910152506297
1.5215149007134077 2.5633799159462596 1.2187013156215267
1.3907322801657656 2.6503369875549163 1.2167037809092869
1.1993891780470816 2.785353604115409 1.1830029533005442
1.0177221281901438 2.9122150842391425 1.1098598226183483
0.9618496398328813 2.9448136560853637 1.0926846444591078
0.9070699606196753 2.9707309377626263 1.07762567428269
0.6277978587371216 3.1125504725367463 1.0424060028537379
0.5473214217513389 3.146607402930023 1.0181367932166832
0.4998009316135841 3.170359314593534 1.0100175143360979
0.21404379818077146 3.334152627443866 1.045818354580854
0.15648825732713956 3.362369394658778 1.042750919747217
0.11597175210252608 3.385972794890331 1.0300465439761297
-0.1801304239716508 3.5851884998501644 0.9891839079874818
-0.32538599605297414 3.734082270867921 0.9086421861807705
-0.3918095495652132 3.8104390109270394 0.8856919187824671
-0.4189882534952991 3.8510669928251753 0.8777655310363738
-0.635229799992092 4.1887331233045755 0.8416419800646707
-0.7515707093398651 4.410342440390935 0.8549075070051549
-0.8075293603742404 4.529140926097303 0.8549604941387536
-0.882321692229497 4.6387884356514455 0.8167484554740607
-1.0145775951728817 4.808823990670638 0.8406116908512714
-1.0431034419978342 4.871511710458716 0.8500562681899597
-1.0844836001534164 4.943810660655141 0.861366850921966
-1.1513136078505548 5.062422277418899 0.8801450470421075
-1.4751874472450943 5.494790543467413 0.9382586967940167
-1.4061453000387454 5.516027953752378 0.9093831153874856
-1.150442680216769 5.524134027881804 0.9068088967351864
-1.068572164833939 5.778798156150927 0.6904140027209513
-1.1387020114020574 6.006540694904361 0.6017340643783168
-1.1399476184962847 6.034456488718465 0.5742518995468113
-1.301215215190461 6.3706972172664 0.4868598435736103
-1.4650420301711016 6.71706161116321 0.39707654254656066
-1.5298213664953755 7.383500735315005 0.20046207359965343
-1.6357877240976268 7.915970988475351 0.2094876836033779
-1.6269723032827015 8.333517967953602 0.22906851261114802
-1.5958155478576925 8.449087339238892 0.2503799668447049
-1.2639992002448048 8.545887881433353 0.22788425691100025
-1.237825883630153 8.513524223371215 0.23403384727613352
-1.1236683841238113 8.174446465433071 0.3314052826531344
-0.995556310138479 7.664958811657781 0.35282233889345616
-0.8656340091183168 7.390089702271206 0.4717064022351273
-0.8458408714260308 7.350859696050486 0.45929257266058776
-0.8086303980920864 7.291025141405983 0.438055866054341
-0.6117641267082323 7.191627827975083 0.4057579630985285
-0.5159346652965535 7.1497743900388 0.40848922387365516
-0.4733584339085475 7.136267956959399 0.4167276626748762
-0.1261296467776134 6.575115465856019 0.2948028080887656
-0.08050323220048217 6.4850475309326505 0.3078023968286178
-0.05680050401152048 6.438557251417851 0.3071458520171961
0.14270110364119049 5.940313227896306 0.26120555567449
0.17089619584384952 5.886640836505988 0.2729839923216896
0.19673276339948398 5.83705048423238 0.2913863383950919
0.40103053873574623 5.479105602619654 0.3734319956524977
0.4257225572096255 5.43249090542235 0.38238746435215265
0.47171951596730555 5.343950462730063 0.41013972095022744
0.5180899222492981 5.254138750640161 0.4345001403575363
0.5707997785758359 5.160961947812831 0.4360832661250714
0.6805091650270159 4.994024510573496 0.41744472966901536
0.7775506574884674 4.858257169315059 0.44391557952243377
0.8092716168231191 4.813239117089368 0.448913088471578
0.8337387348143759 4.7703448407836335 0.45241704704665386
0.92463908040826 4.633478780005422 0.43679778136526404
0.9515384828812872 4.58529413991336 0.4238050755387346
0.9931170081057226 4.488835172453444 0.38981909846426066
1.0098328996075976 4.442644195660935 0.3704266366005953
1.1971763767745873 4.212105617100648 0.4098634671251787
1.2098360751254118 4.129067804248946 0.41337250420343036
1.1817586548680739 3.9960696702621705 0.36722203057795005
1.1664556862931237 3.980883267197985 0.3307867372711607
1.1267722105381828 3.948430785003419 0.23679354263859598
1.1045332253895794 3.9339473917043195 0.19992390475523333
1.0768644779145604 3.8942257382537457 0.1373893734348698
1.0855918219996892 3.8643279371559895 0.10073960420238576
1.1363388007037631 3.836198727923728 0.07565341889962462
1.246076844115878 4.006172200804051 -0.02778842440224799
1.1917342299679743 4.166733778163017 -0.0646025897487319
0.9812057482246157 4.512289779097609 -0.17938373737192842
0.966324630467152 4.585719467671174 -0.19245410886433117
0.9520337935792149 4.665207616714883 -0.22012173294722276
0.8831877449881196 4.828495281617387 -0.20392985798569457
0.8697914186021172 4.857217139184411 -0.19953268448651224
0.8455410603158922 4.951471867940203 -0.2166926393275363
0.8146540611446857 5.130696031796523 -0.2337174850567731
0.7748496093072021 5.25362452241158 -0.2515310953498506
0.701800376282653 5.43231552685832 -0.33108487707902473
0.6569936131286491 5.519921006379684 -0.3782741986908717
0.6347539603222652 5.689621869450521 -0.45060565311252193
0.5895261826097951 5.8366411123285875 -0.432120666434565
0.5720893640328244 5.896801884375575 -0.4301160703454651
0.5435071004897996 5.990954046605047 -0.42113777848411277
0.3987518065937481 6.415163935740797 -0.5352134351573847
0.37814005857993305 6.479137593654793 -0.5361991771540857
0.31663816461426375 6.572756419229917 -0.5526986041054651
0.27350544438642466 6.636665933112587 -0.5581643445027371
0.21055189154042164 6.743333568763328 -0.5497739304255815
0.14007357015753996 6.8546604421348025 -0.5476193205437367
0.10819227941346288 6.907133323564885 -0.5570797661769142
0.07064447942163099 6.954154821006 -0.5718161367837287
0.05073044912709612 6.980340444428844 -0.5804522263356975
-0.052090960269359776 7.107506361019093 -0.5618669883856902
-0.09085070961392105 7.140057910815365 -0.5717816550063319
-0.16292454076041896 7.2189725210265525 -0.5975147001096792
-0.3217862752762999 7.423278776411783 -0.6705220285911446
-0.5561157613337313 7.415865842745783 -0.6965282531218628
-0.6026538175381697 7.400879113913184 -0.6494742776427729
-0.6179365046198573 7.394322924022722 -0.6390457334575486
-0.6616763386095492 7.371503362188967 -0.6147972151677428
-0.682808835666946 7.356828203296805 -0.5835405972481627
-0.6962487768603234 7.343102855625226 -0.5605739776724685
-0.7489618473707189 7.264401563081362 -0.4981079556777151
-0.7670487590370154 7.0510544038367815 -0.4323608111703516
-0.7563767491491795 7.002052942001642 -0.4022782911542648
-0.7438672774348012 6.950756492640231 -0.3874332232800824
-0.7243156558312611 6.878027356413414 -0.3777783200587645
-0.7135317463126265 6.843174747255411 -0.3718273969048856
-0.6907807671455828 6.768754334251641 -0.3556488685230768
-0.6295051740564679 6.583335696812938 -0.28962853083069545
-0.6225958296473495 6.521743157389109 -0.24684726149622055
-0.6188561373278558 6.487826920323524 -0.22369542915267365
-0.6052646336913208 6.381686258691602 -0.16809113935855619
-0.5777529089608322 6.24379675537161 -0.14100061091837707
-0.5520858229486771 6.169720288738107 -0.14194541136403976
-0.5222359782305297 6.114445905850516 -0.13934846492717484
-0.40153911649828267 5.963365889187594 -0.13295409379156048
-0.20312893322907044 5.780529115929848 -0.18764940452505902
-0.09731490819419975 5.70357632136427 -0.21048538472036254
0.058846292013642554 5.602535441088001 -0.20539892509811836
0.12223855256250538 5.561531700794374 -0.19631449299018428
0.1667629680776921 5.53490370241013 -0.18918326114896217
0.2306215347527525 5.494750257997191 -0.17486221422334108
0.358512442224022 5.4100240251565115 -0.13637902623347536
0.5468016998229928 5.25983022196013 -0.12114618470434152
0.5786093599050357 5.229489401069109 -0.1223983297842704
0.6269050765737969 5.185128180399935 -0.12474847491902313
0.6960913556647874 5.110116281869584 -0.12028396920565182
0.7771347228423164 4.991782159105868 -0.09687269240367874
0.7843953254493292 4.962449560814672 -0.09437671224375982
0.7937998426995678 4.923276149234188 -0.09649793327776646
0.8019001969948794 4.900842030627672 -0.10462813342918681
0.8102511958963063 4.876616255703627 -0.11987979421296185
0.819087170229845 4.840535522937736 -0.15887083970315158
0.8297644312431349 4.823401367389689 -0.17818781881158458
0.87432397825201 4.809599389609476 -0.1518414689291087
0.9026925293537675 4.813699431121557 -0.1830435610940327
0.9050855867084211 4.814285669487725 -0.19657868009148932
0.9143568206261321 4.809523101498713 -0.22653286563025704
0.921144502048727 4.808540740893704 -0.23596563441643764
0.9237054103500832 4.810235112076999 -0.249610099848052
0.933578374397861 4.8101358206647955 -0.2859838487492647
0.8981650029294501 4.895700811203769 -0.31500086791477927
0.922866865522137 4.938332296190872 -0.39605048133615023
0.9290296352143126 4.948677974995491 -0.402931307239251
0.9478383817842992 5.011072216911361 -0.4214700472596415
0.9680754980706285 5.060018791606851 -0.4638932748739463
1.0091909154635017 5.1327484646995165 -0.4961832420259769
1.0211260438971363 5.158360019688121 -0.49317562964688183
1.0318826560406702 5.181828627404007 -0.49176671055131566
1.0449301666982906 5.232065847666046 -0.5002724822650624
1.0342122522757151 5.3590356657524945 -0.557007929796449
1.0189932401439412 5.420252448861831 -0.5631182702827482
1.008867602507535 5.446152792867075 -0.5597915696614164
1.001129864383012 5.477037305618966 -0.5578383220254044
0.988743954367489 5.502124270915283 -0.5567019782402634
0.951603698847479 5.568848831104573 -0.5661246847909789
0.7887757289427975 5.822149856881882 -0.6434404141849137
0.7724254130991093 5.855937568946455 -0.6500401923700057
0.7363540571909133 5.906531373259972 -0.645200966525139
0.7117746476679754 5.936222498865298 -0.6464103806801709
0.6861407858824267 5.973399999830232 -0.6493937932481353
0.6569861994847868 6.015660014994426 -0.6536489715208929
0.6316214071171977 6.057991117194765 -0.6520609604051002
0.5724890783805563 6.173538548891745 -0.65515709073714
0.5524863380089791 6.216001094071665 -0.6636709085889279
0.5313493632886264 6.259227965860459 -0.6767706842232404
0.4784996246266626 6.349709745330596 -0.6976343864474766
0.4071128083331619 6.455494981349796 -0.6874963079857137
0.3874929713777311 6.483539028687304 -0.6844405905462441
0.2974606742785193 6.589397352894338 -0.6992749664258204
0.14603571753585598 6.745993589946929 -0.7005728065351466
0.1092870937033874 6.774948259112689 -0.7086333853056355
0.011770683415749161 6.848368755463952 -0.7081931371853245
-0.12739859920992025 6.885881038591517 -0.7186380403439596
-0.1664138273846829 6.887957005325664 -0.7218415585896727
-0.275138632520731 6.890833516755212 -0.7028663476807664
-0.36393284140402393 6.888570328854035 -0.6663384348584134
-0.48451879148156785 6.790026968373377 -0.6067906736213906
-0.437099560436506 6.728635313206668 -0.5941045749836886
-0.28778574765500853 6.6092853394146225 -0.5629949743622746
-0.2389386014084378 6.5720424427549435 -0.5583563483320146
-0.18947701638929537 6.530564244052229 -0.5481181342004053
-0.13942317250288827 6.486162054899577 -0.5309372577416864
0.003518687559469491 6.3467670309747835 -0.5130014502646107
0.04762071116750999 6.299483761160337 -0.5207137980202976
0.12467407407004671 6.205682499232269 -0.5048086248991435
0.15019409427076091 6.17392940172995 -0.48888888145211823
0.2049910191382054 6.118508174540054 -0.47097128202995514
0.2593126487243058 6.065650996690373 -0.4671284958314686
0.3209260297120693 6.002349541015711 -0.4521174674870641
0.3424979099794774 5.9784184501386 -0.4449972601915729
0.370409328370382 5.945430263187429 -0.44134470999715486
0.38725231087264245 5.918519661793843 -0.4374306544287034
0.40322376497521706 5.893116831835318 -0.42985556284818055
0.4199041730878186 5.8677058099471395 -0.4153466514875939
