x y z
8.776222259076038 2.007338557875041 -0.09286367936899387
8.749818002246338 2.0626336778280745 -0.08788541876284128
8.726088423957158 2.1108452380727343 -0.08431550286414824
8.697227957288929 2.1490020947034942 -0.08854018892285609
8.671629337308858 2.194168723026909 -0.09145450894718499
8.604804649001734 2.290643070989205 -0.08325075506111146
8.553454834357023 2.325404474206426 -0.09635501441177396
8.50413268535746 2.3838280236477587 -0.09924060069799046
8.4547729920162 2.409600888683727 -0.09888833646525308
8.343152045395845 2.4965100580487345 -0.11487031874638731
8.22770365666097 2.545969263543448 -0.13458822419579164
8.201749775168715 2.590123389904573 -0.1497136295963073
8.100222284886216 2.6207874822106625 -0.16747557677786729
8.006123097569537 2.623313057375885 -0.19959765687024822
8.011124700468908 2.644123950947801 -0.20350595627373824
7.8955604041686325 2.6171115092056745 -0.2552054180998118
7.889277047342679 2.624374905721645 -0.23773078773994882
7.836270431769407 2.6435825548605507 -0.24591020223575866
7.775558102340684 2.6941270335919896 -0.3244436234199788
7.717444988455371 2.7063922699484273 -0.3818488921826235
7.7022426641793995 2.7174234752834323 -0.378609478284599
7.614219449771831 2.679196386689341 -0.3960305031570095
7.51853668913955 2.6875975513367187 -0.40395179975152073
7.467176671576681 2.6707108808436324 -0.40398802729618133
7.425773673621283 2.6649802494836763 -0.40849837317936544
7.40647858479802 2.6537069301351863 -0.4082989236366017
7.3602182469761 2.6320608539872765 -0.41069080453285833
7.286160856258945 2.5629372462748847 -0.41716542980924354
7.258310172297197 2.5492336440093197 -0.42555527358378686
7.120577347296585 2.440409332655822 -0.4270161436523261
7.070693908041797 2.346881248629657 -0.4355871782686882
7.01252363904198 2.219262963214284 -0.4397110830421074
6.9548574274776165 2.1382741104600775 -0.44100344412588166
6.937519005137961 2.0922185323044395 -0.4388535025855731
6.895253731682356 2.012658778412 -0.43177392385366486
6.875980012984119 1.9771876090689844 -0.4224934117945556
6.843855226925633 1.8935168968150151 -0.39887909873166105
6.832531377951103 1.8521172113114233 -0.38755858818845734
6.801559840173486 1.7806534714907016 -0.3693686894593955
6.792501133950903 1.762702672556415 -0.37219999968511175
6.775090570647794 1.6970769497558322 -0.35044338554973287
6.752751304976446 1.7145682823492407 -0.3702190744524869
6.756555083887591 1.6925691701691754 -0.4989107877229513
6.68703573031636 1.5872180560605322 -0.4022636363797356
6.673981229290103 1.5452722285557314 -0.41549807381646753
6.685516779776993 1.5406969263686179 -0.42431026977158126
6.6937358345006714 1.540612289441981 -0.43941624068156226
6.712250170918988 1.5504268745188092 -0.4528998222647411
6.71837779230696 1.5533530973577427 -0.4546780155380796
6.728441431281006 1.5593498917680009 -0.45413242840412593
6.752332283759518 1.5817220526100613 -0.45253874147104955
6.801921063930216 1.6014693366729489 -0.4506225330672491
6.877862836448873 1.6277379333829884 -0.44772171087968893
6.916678905175502 1.6328345740037022 -0.44296593723384037
6.963995368304815 1.6298778346761793 -0.43579510582659475
6.989044412899144 1.6137950858746812 -0.4238915667417027
6.998012649255585 1.6078422964138888 -0.4212188619287307
7.042329190044569 1.59682891948718 -0.41736494738775587
7.051393318502832 1.5871717274151358 -0.41261285024623984
7.2056051322926145 1.3576398897805788 -0.37706987043327267
7.225772468431092 1.3346003093789207 -0.37886713293705077
7.26708887997988 1.2587683792273943 -0.3702384272301753
7.312960561371224 1.1835393996973984 -0.35857047164996825
7.397823650670269 1.0520952885824713 -0.35136757026682774
7.474147884582866 0.8807623760410088 -0.3364440325412281
7.517517093582088 0.7740251681062986 -0.32614581762453865
7.5805921912579475 0.5934907056566736 -0.31563304828728356
7.630836789801236 0.4763726023307093 -0.3144940247585648
7.811624820031669 -0.2212140627973298 -0.2854342148498725
7.878609032710887 -0.297817906230744 -0.2980821867527821
8.021662833919901 -0.5454603753339562 -0.30691207416087085
8.12299533445011 -0.6660460998622497 -0.3240575186258159
9.911777181157284 0.3882265213753584 -0.5342656437230948
9.742391820552982 1.1495044689637268 -0.5449399082419268
9.632232992014824 1.319882946384297 -0.4896383878081454
9.628918657115392 1.4867144425062584 -0.47582214402334877
9.34904846884067 2.167813508539794 -0.18928697671294836
9.317958838013912 2.2373959392485823 -0.12410539972738022
9.241057005714541 2.3330255880820694 -0.09165138327740951
8.9809048626677 2.717041379964158 0.11100140814150361
8.831129254459698 2.8523032194715547 0.22674118927411802
8.70635024951609 2.9127836087901215 0.280917525858126
8.370463281901916 3.1438418572344844 0.40868037399698043
8.117456866562442 3.253787854120567 0.44957302616115014
7.882463721923603 3.3010134866387446 0.4431267190580792
7.664331621391087 3.3330817508416857 0.4362619289468088
7.156769000253316 3.2742874097101833 0.4252486085026257
6.880910419541799 3.1199252778332713 0.3900610660921717
6.712719141668082 3.0780231647216993 0.40629491948013796
6.648225579282737 2.9965279101629427 0.28343389800993424
6.45975189399708 2.8423489689972214 0.26587930506630775
5.740369740953387 2.4135631489518836 0.16073147855285796
5.692438296215606 2.3096449856288572 0.12768060107556956
5.636415591435373 2.194267472515701 0.11726278075848295
5.533950885113356 1.9530672576289376 0.1286872116086184
5.500001387320495 1.6911721788911933 0.16746570744397893
5.502082991822942 1.5985660587597401 0.1997619045669481
5.52580605210046 1.5153284616766847 0.21771761217324181
5.545844420572472 1.404093150810347 0.2385014468991853
5.593826125654967 1.297392231261476 0.2557529621653314
5.624086683938707 1.1888416248370817 0.28598618242409946
5.685555539462758 0.9892060366323214 0.37905245011172584
5.739345574967629 0.7966268223492037 0.47780542573453944
5.776542788375064 0.7106675238814617 0.4991551691859908
5.890136993900079 0.4412491972744981 0.4907021797311091
6.055109671623608 0.16703068745714234 0.4364778879144944
6.182807830495371 0.045599551182228026 0.3936269492010773
6.292456438122848 -0.07717133031804124 0.3672125881692059
6.4335297667387366 -0.1542249554955859 0.3261219142224452
6.847752612070824 -0.37721651252930855 0.19321685291364465
7.114378454065207 -0.5791844232727463 0.07569215487804293
7.214238441365566 -0.6448649575941126 0.04618682378057448
7.618808527666458 -0.889302975401268 -0.1526841240581458
7.913115441933751 -1.0763770609978742 -0.1933596575083416
7.988323968915692 -1.0406443422360354 -0.15468403820069332
8.083779624689672 -1.2231173489279357 -0.110149337843648
8.3440972660277 -1.5104064598719944 -0.13123992616899294
8.404585945353379 -1.646792583351914 -0.15413496852235253
8.455352575183861 -1.9051781978729174 -0.1048604647203244
8.393368908986638 -1.7584851925618104 -0.0517369409785613
8.437351599533711 -1.7930296775858494 -0.01591763172057359
8.553732409552406 -1.7391933130624757 0.11085913608260656
8.613492260993194 -1.7020037468362617 0.1567583287047345
8.662600479263137 -1.3602204932595328 0.25210511673487157
8.695618637733089 -0.7240368885168955 0.2999156563139904
8.912218383579097 -0.8600015030443728 0.37455986406468145
8.937809758761285 -0.6216053419076246 0.39006519163117215
9.247151895675332 -0.3647440332892842 0.42561304846999826
9.431000531286324 -0.22600583540011954 0.4672941932221464
9.386316043009879 0.10177083018525224 0.48791987067792353
9.549393060545698 0.34201063272445253 0.5257611708983874
9.642405697629165 0.42566666463607206 0.5351856359230669
10.023464975299367 1.337552908206721 0.5597757581283611
10.121002605189101 1.4371424475224366 0.5799538427130777
10.210263896731973 1.766644207993341 0.6307389104640553
10.158633979776784 1.99534842791169 0.6562880495080552
10.014209408370363 2.1911217860786003 0.6462346389887241
9.973390250884144 2.3587517565243914 0.5859808231014163
9.6091756466785 3.280463669329979 0.5743174993587463
9.656990517559649 3.402904262733859 0.5523869115601678
9.609564206221746 3.5237095450944587 0.5557587303370608
9.58889201159851 3.5704283546056885 0.5641482110686806
9.49966308302378 3.6353097001889907 0.5929387541630375
9.476801322809795 3.7551723006359055 0.6046450556095815
9.414989395081264 3.841141579688987 0.6251913335869941
9.34559443133557 3.8855862191253756 0.6506224827742582
9.312699336506313 3.9149077103791186 0.6367932609921114
9.197449279782962 3.864137110913962 0.7029279873229057
9.125315082063954 4.028477400375504 0.7279747635375096
9.113474189604224 4.100753912812625 0.7320692938247553
8.940823302159396 4.17010257115879 0.8375662835350222
8.63535209279795 4.404536288408238 0.969810080916303
8.511469835865999 4.51993824239689 1.0106867196257918
8.46305519956114 4.5558017977374305 1.0106400165805014
8.375127148957011 4.665367487320783 1.0179917686769606
7.964837926002195 4.760370248250368 1.0562919489845346
7.762622045540725 4.928318376850367 1.0512379812675186
7.66607851910687 4.966867349727188 1.067950157111031
7.459474341810417 5.031808426468693 1.0691845769600192
7.258540226242289 5.0524645950732 1.084458212425706
7.053482334389347 5.099959468593312 1.101201448330896
6.852728428490117 5.087413630225246 1.1264988287188678
6.729783252271968 5.087858072124561 1.1225422311147506
6.520204510649521 5.168408271595261 1.1261218265108122
6.407921036524282 5.190872636831504 1.1200871614735595
6.307522539182489 5.05541582161414 1.1588303500374706
6.097707267387332 5.125710534891038 1.1096547898357298
5.837424295516829 4.817478925957019 1.099236380096401
5.751675150673307 4.955808527412771 1.063282743784099
5.647601433224967 4.886060510291209 1.049633834159423
5.577562989822983 4.821869204276265 1.0317493142139864
5.522648403919163 4.6942614109265755 1.024101810205607
5.561879959206653 4.227885811004903 1.0618833700531953
5.50207988905445 4.081849899872946 1.0417662555006728
5.082217924356861 3.5128908956718874 0.9093671695322723
4.9836821714318695 3.440109370388967 0.8896798866119178
4.976429590810234 3.3007750304092163 0.8912684417538672
3.819965945661849 2.056139251774205 0.747285956931782
3.850882179575553 1.790008539553103 0.7112041478743212
5.379184589665417 1.5774206630358414 0.7334518823087082
5.559347521436017 1.5147739331947179 0.6903986309814778
5.752896664474083 1.452528254850126 0.7049659246840261
6.061746976488735 0.02780398388669525 0.915221089924132
6.141211837337185 -0.1632661634971342 0.7741697908357053
6.094927274860684 -0.03941939136237593 0.8145878096340442
6.277917316556188 -0.27980983447985963 0.9801168790281756
6.151387750597664 -0.2503666494050023 1.0033015451801925
6.011219331447954 -0.2082844359544005 0.9340940687011077
5.466773411119714 0.20784276049191774 0.8634403553369276
4.821403330785824 0.6147428415132623 0.3667431594339505
4.718206080656312 0.8027562454528798 0.47607102708300464
3.5252811696716186 2.403058807829723 0.30674611289367215
3.308083128421597 2.675365388172061 0.252367335980314
2.9540032801502107 3.2397950231940236 0.1997683484653634
2.8094856782718054 3.459308994981644 0.20209886620137318
2.6802837935427952 3.6493122786656933 0.22898475679675823
2.0651727316789383 4.726334829620267 0.40856033218659404
1.9775978629863538 4.872075333704387 0.4585135469871886
1.8658896557122766 5.096819840732675 0.5257884723171955
1.6742743371215845 5.392187580988594 0.5784191902629336
1.37297844545175 5.88380640713239 0.6382765559341002
0.7909264645258389 6.714128870810306 0.6458865436846153
0.6613205412495411 6.88833739102099 0.6386299571574385
0.5839509829046747 6.937628597715143 0.6643910898267706
0.40995616828226744 7.112016952644918 0.6737023665578408
-0.10053291568802436 7.506177287634532 0.764447126505343
-0.2932844804947585 7.591897693190344 0.817775085438222
-0.4948671979335053 7.589350171448189 0.8425227244649274
-0.8925825156299183 7.512157029439205 0.8980173319542644
-0.9361857689476878 7.381815321149933 0.9010185112372506
-1.2675904340687545 6.998418829325804 0.8792523115218802
-1.455152459511769 5.876196843929964 0.9071071661433598
-1.6221783753144088 5.435171229286723 0.8745012433942969
-1.357868593913448 5.418647552898118 0.8643980097839601
-1.2229591395388049 5.098418546350061 0.8817347990534949
-1.0121955690330822 4.784652067316255 0.8392548750213757
-0.8045514244152301 4.617736466569021 0.7939945063781833
-0.6711785772366667 4.5353506088286935 0.771423210491514
0.08455618574521395 4.1711920515406895 0.7166404034643976
0.2728072330667999 4.103391903604916 0.7123383476841771
-0.12557520549997747 3.7233184724526573 0.6027236405666749
0.6648009407795641 3.908159664338882 0.6690453074597402
0.7589211006917083 3.5338414106921583 0.5614338709091691
1.2263652929183912 3.4051149699351626 0.6073328175352715
1.5921506698476868 3.526955134932262 0.6165188097215659
1.6736448735707654 3.399087990182089 0.5622898044400302
1.8594062021738367 3.285279123708687 0.5044610646774192
2.0802575062838677 3.173741080311636 0.4503747820855273
2.5142497458585886 2.8568527149578493 0.3565165516847062
2.7241999070670495 2.7282817560211683 0.33095766517596403
2.9263196600771693 2.585813928735959 0.3237138012996945
3.3474766943552474 2.3003613206752647 0.28109619647437833
3.6069962445269113 1.8060098771132402 0.18802372731977446
3.9502048034743282 1.76871987449303 0.35994229826709057
4.451309197566953 1.5211621716177497 0.5018408375425765
4.5130322853627085 1.2129793712612837 0.48833416689371756
4.61110222394797 1.1525265104356777 0.5007744506153544
4.942732998575529 0.8148084149154506 0.5653144883979313
4.986798473045543 0.69757518999754 0.5451610594621294
5.151901282501878 0.6036014493318973 0.5581007523367254
5.213919212604207 0.510356595979701 0.5324291792412459
5.355432406229681 0.07251076486019059 0.3251080552948764
5.524753467782741 0.07841231003078875 0.3878180481604492
5.578806893864211 0.057753833736008175 0.34995678909161954
5.676073860577514 -0.12892192256479262 0.05211348434426277
5.713288155941438 -0.15985562926146812 0.039105091065130715
5.903191659527341 -0.22604481603470106 0.11012568025618075
5.812516702446288 -0.3227872340905371 0.12906096152411672
5.872093499381286 -0.3277427984921353 0.17754669256535616
6.198331689490889 -0.503006420828612 0.4058285445031915
5.991895086408377 -0.6134758507617342 0.2894912255389619
6.255120960032606 -0.5842381668589205 0.40876041535128893
5.59715642415971 -0.889762796432457 0.22712335802879724
5.530477312884329 -0.9384196862158127 0.16949850946055278
5.541346532142885 -0.9701433825002752 0.1469093755149653
5.744888748175008 -1.002196689916918 0.13901206897103835
5.718657019284514 -1.0030582940358421 0.05550532117617424
5.854837339807894 -1.0252793342285287 0.06532257339889869
5.826281774275664 -0.9961402190826796 0.15777291925501302
5.97500269932716 -1.4366662233224794 0.30028789434278735
5.993857253496305 -1.4291489633914018 0.2717851203920638
6.074628814956117 -1.4252004731335184 0.21782409031764738
6.145961913683106 -1.3676273376639507 0.14079455051574463
6.2084501977734625 -1.3196179093287803 0.08425439858508099
6.367590132951669 -1.2585086808930868 0.04924594594168452
6.609471218067785 -1.242509915267373 0.03659218442873069
7.032736093408982 -1.2914544054795165 0.09010968892072624
7.531361735753283 -1.390554444010963 0.15008341543945214
7.890386998080169 -1.3942812724825657 0.09603179852785315
8.298868180490338 -1.0114238956285142 -0.001612038552688766
9.167378671663915 -0.3559212372297047 -0.23707936443271693
9.216046739852557 -0.11782515380428649 -0.24982929825499722
9.274165298438103 0.28410376690204586 -0.3318691230541866
9.280848581346861 0.6933569053379784 -0.3738598404933806
9.256900680277301 1.0392447621267458 -0.4119068072247716
9.184561521107307 1.384836543329719 -0.3791897313236894
9.046710166390014 1.7833715645950647 -0.30232108209342634
8.880723417333549 1.9830157928845722 -0.2500205277511589
8.532813988198631 2.2165392166807365 -0.24134026733845015
8.341070255540195 2.4520681077565847 -0.21164118571810242
8.192955448370132 2.5729989476429154 -0.15292046287528915
8.023057374522669 2.7075980252405145 -0.09982089753437862
