x y z
-1.478694153773585 0.16437436934682012 -1.08357659951509
-1.4867274882075472 0.18773002179576678 -1.1301356025543872
-1.4959179735849055 0.2160806771682211 -1.1579612865877797
-1.5103066759433963 0.27100040451019974 -1.1786553934699007
-1.5264148966981133 0.33332918278823914 -1.1853432197341003
-1.5431884202830188 0.39479405739578033 -1.186467924823339
-1.5615585566037735 0.458529687407119 -1.1840096524205321
-1.575937988679245 0.5043890230568956 -1.1833256322515946
-1.592067491509434 0.5560510943853509 -1.1912752631799595
-1.6070061231132076 0.6165106288518771 -1.1903362720571462
-1.6162819146226415 0.6707241185341047 -1.191950874988253
-1.6195298905660376 0.7297898906585735 -1.1967018707415948
-1.619654954245283 0.7843953606757778 -1.2149334968816055
-1.6050473872641509 0.8434537124401366 -1.2298860311049058
-1.5751158066037736 0.8835738246310767 -1.229420273324085
-1.5384507830188678 0.9086984679668194 -1.22086781875834
-1.4900990160377356 0.9264498994748415 -1.2107827749060844
-1.4400573721698113 0.9330755579005481 -1.2056209473341897
-1.383276729716981 0.9373287663346068 -1.2026007258400975
-1.3368181495283018 0.9390111144411605 -1.196296479720752
-1.3108792386792454 0.9491829149147852 -1.1880557450578444
-1.2755169353773583 0.9686283663405255 -1.1749442989869288
-1.2529271099056603 0.9796024163522997 -1.157448066083606
-1.2294018009433962 0.9914190633854336 -1.1292900816297728
-1.208901975471698 1.0008733097647646 -1.0982934882095836
-1.192221920754717 1.0073285135909928 -1.0698821546674535
-1.1773546023584907 1.0125152869328333 -1.0413805001641265
-1.1635520594339623 1.0176953906625914 -1.008719760080884
-1.1539678905660375 1.0219473050029726 -0.9795997284780267
-1.1447543386792451 1.026141271042867 -0.9437740885865776
-1.1359542816037735 1.0305603871125932 -0.9017594013262595
-1.128195379716981 1.0337015692220926 -0.8582034597370997
-1.1195505646226414 1.038595199241195 -0.8222327312963976
-1.1077496391509432 1.0445948897533195 -0.7785220475479594
-1.0991379245283017 1.0475900196479526 -0.7368036253569518
-1.0951245155660378 1.0463108727507684 -0.6999461871245257
-1.1018001523584906 1.0326153248026233 -0.6598073497803495
-1.1055662349056603 1.0220438284972173 -0.6228694319782923
-1.109734412735849 1.0114746591805246 -0.5759641580269595
-1.1145231665094337 1.0007797814287447 -0.5420902621776453
-1.1208491419811322 0.9868936949495717 -0.5061527765664178
-1.127980559433962 0.9724509520833929 -0.46441893843254256
-1.1351454655660378 0.9595173690854577 -0.4180715587041672
-1.1408011424528302 0.9504529449044231 -0.3822009604378045
-1.148716537735849 0.9374626579503136 -0.330770694351312
-1.156530958962264 0.924081782486025 -0.2821055185896515
-1.163482411792453 0.911551401175028 -0.23944076305448364
-1.1701853608490564 0.8982409147426114 -0.1962326330301255
-1.1702954150943397 0.8918378156944384 -0.17161392887769913
-1.1558186952830187 0.8994565488876767 -0.15636103548413635
-1.1280147179245281 0.9182525466740663 -0.13520930681083526
-1.113364325471698 0.9234948018397592 -0.11687286558569775
-1.0942126358490567 0.9378330830110102 -0.09011663131150083
-1.083193071226415 0.9416824411401027 -0.08786017812166462
-1.0759624476415095 0.9377703521495665 -0.07111828924580456
-1.0715936948113207 0.9330201468512437 -0.04517946581282194
-1.0668188905660376 0.9278665638556473 -0.01387591680006174
-1.0619954764150943 0.924335977425648 0.018489580309464466
-1.0454212551886792 0.9305978662528773 0.058186964866568325
-1.0336828268867924 0.9357974615090063 0.0771093064454127
-1.0132160613207548 0.946678150287174 0.07173077369163916
-0.9897025778301886 0.954040701780798 0.07683815517196078
-0.9505491424528301 0.9505759160930067 0.10271555065927605
-0.9110765952830189 0.9607711407356683 0.11959655227081722
-0.8825775188679245 0.9589535253251344 0.1093775960948887
-0.8650678580188679 0.9526435517236476 0.08992138606123969
-0.8506927707547169 0.9431049565018147 0.05800902358405908
-0.8434248900943395 0.9314829768582009 0.018926043692192227
-0.8406455603773585 0.9191716467729955 -0.0183415280532025
-0.8279628396226415 0.9191670872957042 -0.07479053439843834
-0.8189954849056604 0.9305219439913853 -0.1215695643072661
-0.8135448778301886 0.9638470776483956 -0.1940451280306054
-0.8222229886792453 1.009334461120057 -0.24806872400854502
-0.830719154245283 1.0568231035301636 -0.30099682697298197
-0.8352700372641508 1.0966453238642786 -0.351636512581925
-0.8546355278301887 1.1425733167018852 -0.3962154551110385
-0.8668462231132075 1.1778906039694539 -0.44761502772860423
-0.8796840316037735 1.2081360185153491 -0.5017589184196207
-0.8940138363207546 1.2333571809451989 -0.5595696873445851
-0.9095528240566036 1.2484209832203355 -0.6187994537628938
-0.9286698655660377 1.2570242094672361 -0.6918722152284577
-0.9467767943396227 1.2600662691021067 -0.7648759609376443
-0.9661040849056604 1.2620854171843385 -0.8486205641357153
-0.9716148716981131 1.278040353290621 -0.9278696979632967
-0.9732895174528301 1.308184304145392 -1.0084109672615607
-0.9696729886792451 1.353599088040397 -1.0891058777420817
-0.9639231382075472 1.398800346308463 -1.153577136785647
-0.9706127311320755 1.440838097626785 -1.2094121792883696
-0.9661984188679245 1.4923505568903186 -1.257190557426031
-0.9512463415094338 1.5429566858820125 -1.3100009832897233
-0.9416853028301886 1.5818770787330416 -1.3425483974699708
-0.9431290405660376 1.6049265341478083 -1.3449746630075334
-0.9283546188679245 1.6492884246141601 -1.338170227226166
-0.8937994080188678 1.6867502885908674 -1.3477157682585723
-0.8496096349056603 1.7125482270469594 -1.3440652030665396
-0.798388016981132 1.7353872227247382 -1.3312104125039208
-0.7419262353773585 1.7557945820866099 -1.3157693559832497
-0.6877709773584906 1.771909307102514 -1.3017437521183843
-0.624868862735849 1.7857102804244336 -1.2884511304937651
-0.5529392523584905 1.7972961314031932 -1.2753861996495464
-0.4919916 1.8025632452634397 -1.265951969678052
-0.43027990235849056 1.7952871816522031 -1.2554258848211401
-0.3689777419811321 1.7608595883169778 -1.2337504727532083
-0.34750256320754713 1.7278459061317504 -1.2037620146298464
-0.3351228797169811 1.7033257956620447 -1.1812437832329608
-0.31346271226415096 1.6801121808319384 -1.1487559704877257
-0.28150429103773583 1.6645482888579977 -1.0979744574819414
-0.26687182971698115 1.6581109244909717 -1.0628797926954678
-0.24501455424528298 1.6448218359305635 -1.0236172418034817
-0.21551396933962264 1.6273505355117734 -0.9698315711185455
-0.19541718443396225 1.6152950061272981 -0.9302809645590375
-0.16632529056603773 1.6178119474766108 -0.8912448965555336
-0.13122161037735847 1.6322123136815223 -0.8557259406506754
-0.0835112113207547 1.6561308964229162 -0.8130867910352733
-0.03182570566037736 1.6861680551311549 -0.7701661949340535
0.01343142358490566 1.7401582416990917 -0.7398101209175835
0.04190283537735849 1.803204820260192 -0.7199859388997066
0.05571010518867924 1.8531079648788764 -0.702376556416775
0.06341504811320754 1.8955001825062323 -0.6790575847502198
0.062471505660377354 1.9321882833924362 -0.6510551115225282
0.05798474811320754 1.9540651458838192 -0.6271425753162897
0.049188657547169806 1.9700110570182807 -0.5991766748072332
0.03280719528301887 1.9802713159615024 -0.5640531679559767
0.019498082075471695 1.9814749518023547 -0.5325551211774308
0.0004379547169811321 1.9648990527177221 -0.4880639135637729
-0.010245854716981131 1.9371343993911916 -0.4578347797088273
-0.023692519811320756 1.8776525443691094 -0.4205537526046067
-0.035062522641509435 1.8145910205236477 -0.3964458667324501
-0.04637528915094339 1.7491461132561579 -0.37624937007968534
-0.06037398537735848 1.6986215649351704 -0.3442827358757473
-0.07517530188679246 1.662951034737603 -0.2863882995475966
-0.08628138773584905 1.6427781443334948 -0.24421475207783658
-0.1045095754716981 1.5983605470120128 -0.18523725028926885
-0.12553439716981132 1.5352467284370492 -0.14823740320234205
-0.14797162641509434 1.4569657352303533 -0.12827929050929196
-0.1672457867924528 1.3936998219691603 -0.10606033276751668
-0.18225237830188679 1.3453720586840687 -0.07521259022182616
-0.19609644669811319 1.3059103997692774 -0.03691745345457225
-0.20848127311320755 1.2790248548095298 0.007351374671416983
-0.2235827863207547 1.2473252511151776 0.09569259131361306
-0.23217099622641507 1.231764628791167 0.1523363214490582
-0.23401281179245284 1.2373946933746627 0.1862708287491172
-0.22977286650943396 1.2639233200824216 0.21653070821961676
-0.22381089764150944 1.300571967276663 0.23002802381945625
-0.21980808726415094 1.3394791793727527 0.25237580929869047
-0.2155461787735849 1.3910601942519383 0.26995233760310866
-0.20696830990566037 1.4504425309390165 0.26365240727587724
-0.1970827037735849 1.4950973805717096 0.24581841628861242
-0.1875144188679245 1.5442854355117779 0.21843127821139832
-0.17933106745283017 1.5806110736623822 0.2081986317298029
-0.17331493773584905 1.6042383828805107 0.1981390360522137
-0.17003280330188678 1.6212262930111119 0.17982597885839507
-0.1690245080188679 1.6345740817606491 0.1503857878080187
-0.15875405849056604 1.635596762003931 0.11322942497449798
-0.14585251933962265 1.6318232627580471 0.06611936435938372
-0.1327297188679245 1.6274636501959887 0.032273581412757955
-0.09923325141509433 1.620474024489228 0.013140629353858659
-0.06692948773584904 1.6158212052649603 -0.010486401129458197
-0.03482055660377358 1.6097320136371585 -0.04320035996693259
-0.016868799056603774 1.6021053869065651 -0.08810403275681429
-0.0032881226415094338 1.5942133334347324 -0.1335344448357471
0.021788685849056605 1.5893048019687013 -0.17796899817281148
0.05377620424528302 1.5805769750514407 -0.23776902198727587
0.08979842971698113 1.5708705994527885 -0.2934845162374971
0.12604330377358489 1.564589347944531 -0.34040926149443335
0.16701361650943397 1.5707182864025095 -0.3880338497728949
0.213464 1.5886104182849698 -0.4439789837143946
0.2586728283018868 1.6067307265697692 -0.4958514492704113
0.29772108820754717 1.6153980049489516 -0.5482400647978172
0.32310520518867925 1.6229177053671515 -0.5916252739618759
0.3437905226415094 1.6399070166704153 -0.6417797010871162
0.3633863886792452 1.6615183929108492 -0.7002343941865384
0.39193888726415094 1.6847816128316144 -0.7592367461815855
0.4287907933962264 1.6953655057794805 -0.8272622582574641
0.4590557896226415 1.69964993559954 -0.8772910128195279
0.4971508283018868 1.7034295791503242 -0.9307896754417894
0.5405923858490566 1.7023793171493524 -0.9779227748063645
0.5816245415094339 1.691628924519547 -0.9882146133776742
0.6283816136792452 1.6720146916312586 -0.9819292587068283
0.6872138179245282 1.6406952830600352 -0.9719202372181645
0.744083466509434 1.6039065550330827 -0.9853902210548536
0.7941401603773585 1.5688282321315896 -1.0149018012518103
0.8439491905660377 1.5400734339343718 -1.0527920332424183
0.8950579367924528 1.5152362354703575 -1.0938344478739674
0.931672 1.4996683744601704 -1.1158088979409386
0.9661791103773585 1.4814014461005247 -1.122819640535804
1.000714724528302 1.4586154530825333 -1.1187430424452502
1.0521037249999998 1.4170790203865549 -1.1040824233662982
1.1057470768867923 1.3662659673985544 -1.0858755276875225
1.1604397698113207 1.3122249684484606 -1.0676927493451775
1.2005725466981132 1.2733437853279956 -1.0592377679342533
1.242558658490566 1.2346384951301834 -1.0456209211957475
1.2871817070754716 1.1845189982135744 -1.0337427540721478
1.3190594759433962 1.134197603144137 -1.02553559273363
1.3350945367924527 1.0666045561874145 -1.011944685416605
1.3554698490566037 1.0029998159628981 -0.99393899824521
1.4079364896226416 0.9769471137849265 -1.0029176469500776
1.4610617726415094 0.9455265655154533 -1.02885220247944
1.5156597683962263 0.9197898084510383 -1.0519010519175283
1.5747800900943396 0.9102040389741479 -1.063587228668581
1.6135455259433962 0.9035059076541911 -1.0615092994119777
1.6354754599056602 0.904987465307087 -1.0534585579328979
1.6273686179245281 0.914856462924023 -1.0366556041040536
1.591588417924528 0.9206327152676168 -1.0296603055071665
1.5491343745283017 0.9029645407195664 -1.0219910961353673
1.5090295400943394 0.8843665441803527 -1.0125428968580712
1.465803533018868 0.8617380565647474 -1.0004539518741549
1.4261812556603772 0.8380359808027796 -0.9927793725736306
1.3514963108490565 0.8025283092804475 -0.9794543857964053
1.2978841622641508 0.7823582528009053 -0.9739635475908764
1.218026079245283 0.7440443386635822 -0.9737460915731565
1.1633654268867923 0.7071076093633312 -0.9773597885272448
1.1028644 0.6643251327864479 -0.9770954451847199
1.0565983504716983 0.6399536597220853 -0.9672244202222879
1.0073288099056603 0.6215455872992126 -0.93557346794576
0.9664123966981132 0.609461749308174 -0.9001997352811351
0.9128705849056603 0.5975421670735632 -0.8616605564856802
0.8738209556603773 0.5939344368890749 -0.8326927680552259
0.840555816981132 0.590374142402907 -0.8080064118598186
0.833223983490566 0.5873510152510143 -0.7936534705387188
0.8599774514150943 0.5839704601585021 -0.7597482771095128
0.8956844514150943 0.5967734273460659 -0.7237400495066855
0.9210123174528301 0.6348428255564361 -0.6780655320259219
0.9198766886792452 0.6901805562631304 -0.6414057177678347
0.9022507132075471 0.7529949633476866 -0.6157026316836844
0.876487037735849 0.7881072980795479 -0.5930469844334426
0.8551791594339623 0.7813544028901458 -0.5734268127474302
0.8415185547169811 0.7549170751499973 -0.554215679903048
0.8257600702830188 0.7071084503965317 -0.525006365926259
0.7977684679245283 0.6605716944580059 -0.4919076780397213
0.7685190764150943 0.6223781162871407 -0.4661153284169111
0.7239496886792453 0.5575722752597897 -0.43435349131489526
0.7109766735849056 0.4937902384174548 -0.4132213481732901
0.7349274396226415 0.44429686733738455 -0.39029729266241187
0.7587276485849056 0.3984475395012999 -0.350241242921957
0.756674233490566 0.3611886592841933 -0.30333821788651805
0.7422678533018868 0.3187789535640995 -0.253861283131576
0.7188162863207547 0.2745939078797512 -0.2253559350757922
0.6975284783018867 0.21885177279595516 -0.20992288571633938
0.6789736448113207 0.1515501720250741 -0.21493016020082056
0.662416091981132 0.08794754408434179 -0.21205824026135003
0.655610325 0.06721016509280998 -0.19829893360495415
0.6448031009433961 0.037312320414495705 -0.15485082737681236
0.6372615599056604 0.0025677492740365255 -0.12223389769694103
0.6286833528301886 -0.05222416126334473 -0.10636464051825403
0.6167981504716982 -0.11142166537602516 -0.09752828057921487
0.6005531957547169 -0.19747018999670873 -0.08095095447794196
0.6119744608490566 -0.28541677686420586 -0.07628294850094457
0.6445028150943396 -0.34479511412956376 -0.08486116031762299
0.6988623952830189 -0.4030817110232717 -0.1103281070769637
0.7444412882075471 -0.44307338307672206 -0.15210083426821247
0.7647363009433962 -0.46067148143570663 -0.18844992877398703
0.788502825471698 -0.47781388074330633 -0.2505358271354526
0.8100844183962264 -0.4762888630961906 -0.3049264934043163
0.825433454245283 -0.47521714095240086 -0.34034736921953357
0.8390568424528302 -0.4717755101134195 -0.3556046246418389
0.8507830726415093 -0.46794167026377365 -0.3594814900872949
0.8643266759433962 -0.46595306633954486 -0.3636111228932332
0.8727370839622641 -0.4646571468209412 -0.36706241954767144
0.8936934745283018 -0.4674450830303071 -0.36604194583267685
0.9361413523584905 -0.4815441847960383 -0.37373749951951823
0.9797468292452829 -0.48651275828104573 -0.3725401135213448
1.023872095283019 -0.4899682509378771 -0.3540401800463446
1.0569925599056604 -0.4884754894815332 -0.3325285253288577
1.090533441981132 -0.5097880173689816 -0.31520292667069244
1.112927721226415 -0.5350171334996928 -0.3033851586623131
1.1281735080188677 -0.5503121209848523 -0.32565325720034344
1.1397387325471697 -0.550924146351275 -0.3666521510488867
1.1472205330188678 -0.5446540902688527 -0.4140703945540696
1.1540194023584904 -0.5436250856094453 -0.4775980462495407
1.1639822113207547 -0.5478198894808343 -0.5297361253582289
1.1736126693396227 -0.5531533340921593 -0.5870500401066083
1.1744222014150942 -0.5636254531696077 -0.650036242247301
1.1763312641509434 -0.5753239407863896 -0.7096798991988853
1.1835791226415096 -0.5822564020306171 -0.7721746598996585
1.1867586410377358 -0.6074566284342251 -0.8357013166286229
1.1615375094339622 -0.6339667761549134 -0.882357598009361
1.1087559344339624 -0.6923085445532893 -0.9180949302350819
1.056422033962264 -0.7487750220232389 -0.9290235786478465
1.0302424858490566 -0.7790785175949445 -0.9318421009326936
0.9863311948113207 -0.8292926409451751 -0.9221453421798242
0.9518340952830188 -0.8635081000399607 -0.9126456522446754
0.9116415830188679 -0.8965335028077536 -0.9061343607393503
0.8428288311320755 -0.9474617649572008 -0.8962937754052892
0.7607956438679245 -1.0032991667759974 -0.8856880051284238
0.7102676655660377 -1.037173605479489 -0.8809860977431561
0.6483563896226415 -1.0771473324191867 -0.8788860557972954
0.5984502882075472 -1.1123821477114293 -0.8776091369477262
0.5431884084905659 -1.1684916484036445 -0.8758814568009354
0.49757083962264154 -1.23623550375444 -0.8709162416203036
0.4697928938679245 -1.310924839725311 -0.8784370599807899
0.45980078018867926 -1.3562912658415722 -0.8727455940723285
0.4560277900943396 -1.3660298648978886 -0.8617610076808507
0.44869277594339624 -1.3627958202912998 -0.8494866513802676
0.4628839080188679 -1.3455341286395155 -0.8457828815217711
0.4656204264150943 -1.2984349007865321 -0.8360778379528426
0.45375976367924525 -1.2492386291274382 -0.8176818015723467
0.41145921603773583 -1.2036544161733598 -0.8039783881128745
0.36759298254716977 -1.1567069261836622 -0.7955790133237125
0.33105117075471696 -1.1110931141800175 -0.7872136228353224
0.30152863820754716 -1.0746034155490638 -0.7739715301399901
0.28006222971698114 -1.0451348221391092 -0.7529049233904379
0.2575444528301887 -1.011760353761225 -0.7146717696360614
0.23811524622641508 -0.9863543412523317 -0.6733867028044194
0.2216107825471698 -0.9619295721982354 -0.631501821002031
0.2075573655660377 -0.9374979764942366 -0.591821388323705
0.19410780141509434 -0.9144563401690745 -0.5539546587614687
0.17474823018867924 -0.8960193887351903 -0.5163613403693663
0.15414299669811318 -0.8780746053501367 -0.47270618542828974
0.1371334221698113 -0.8624688759879846 -0.4296187427705534
0.12294567075471698 -0.8490651463399048 -0.38818568834283107
0.10640360849056603 -0.8332337324911474 -0.33541137223084827
0.09349629386792453 -0.8208000242875333 -0.29129108781788754
0.0799738146226415 -0.8076159368269203 -0.24195815373060453
0.06390770471698114 -0.7915205828707683 -0.177061183367223
0.055861572169811316 -0.7795344841406138 -0.13183889256398315
0.05080802641509433 -0.7669849956963058 -0.08609355571807992
0.04392141650943396 -0.7537662326805722 -0.029445452745998326
0.03710466037735849 -0.7419584101780333 0.027930486245470516
0.0327984 -0.7336918502333664 0.0697911705102918
0.029390877830188677 -0.7233071798586848 0.12272459748867491
0.028191170283018867 -0.7126914230380806 0.18127205416438097
0.027294235377358488 -0.7033929352650318 0.2405288308812516
0.02652670943396226 -0.6973347236196744 0.28360766313902447
0.02563760754716981 -0.689221444558523 0.3384009679426888
0.02596970424528302 -0.6817963640879703 0.39328897215338227
